step 	 hubCount 	 Sws 	 avg_Path_Length 	 Transitivity 	 Clustering 	 Sws2 
1 	 120 	 7.3380575478617 	 4.75077294022494 	 0.100557324840764 	 0.103953817101965 	 8.26370748775046
2 	 122 	 7.34766634419277 	 4.74531581437226 	 0.100573339703774 	 0.103933055970093 	 8.27155848950403
3 	 117 	 7.35190568147897 	 4.73694700056464 	 0.100453893932155 	 0.103843892732782 	 8.2790633057475
4 	 114 	 7.35105563098938 	 4.7324268644417 	 0.100346434117788 	 0.103740744851856 	 8.27873955293536
5 	 106 	 7.36018708616213 	 4.72730851989196 	 0.100362419849456 	 0.103726582059916 	 8.28657165203487
6 	 107 	 7.36731331432303 	 4.72367654015779 	 0.10038240917782 	 0.103678571085979 	 8.2891046215251
7 	 106 	 7.37457978334206 	 4.71902211234721 	 0.10038240917782 	 0.103673582932842 	 8.29688106798289
8 	 120 	 7.37959384040256 	 4.71057699644432 	 0.100270894749422 	 0.103558320965729 	 8.30251488104782
9 	 118 	 7.36325219291206 	 4.7101527567947 	 0.10003984063745 	 0.103331003701374 	 8.28503647906321
10 	 123 	 7.36419267669423 	 4.70467426635535 	 0.0999362448198916 	 0.103213693028508 	 8.28526734963851
11 	 125 	 7.35688242850512 	 4.69845717163393 	 0.099705108790946 	 0.102913245876209 	 8.27208089343458
12 	 128 	 7.36494517854529 	 4.69350058752613 	 0.0997090822141633 	 0.102897568823495 	 8.27955520787685
13 	 132 	 7.36375674658854 	 4.68862946176502 	 0.0995895269597099 	 0.102823370045592 	 8.28218049262525
14 	 126 	 7.34493437375523 	 4.68371560683056 	 0.0992308611963496 	 0.102561492005937 	 8.26975383686885
15 	 127 	 7.32803273531714 	 4.67773657464634 	 0.0988761358201817 	 0.102265142265142 	 8.25639828643088
16 	 126 	 7.30335557885143 	 4.67632956400983 	 0.098513529669629 	 0.101981619203842 	 8.23598528290541
17 	 127 	 7.29684837902052 	 4.68143264814052 	 0.0985331632653061 	 0.101937260270594 	 8.22342899099091
18 	 124 	 7.29269687770303 	 4.68391094019442 	 0.0985292359201244 	 0.101992129955093 	 8.22350198990585
19 	 127 	 7.29664644597952 	 4.67606708480215 	 0.0984175070753777 	 0.101797146611962 	 8.22154883730462
20 	 128 	 7.28318809934173 	 4.6676311251507 	 0.098058755530753 	 0.101513000031519 	 8.21341760460032
21 	 135 	 7.28817743273412 	 4.65911886340399 	 0.0979469802670919 	 0.101434614767948 	 8.22206987004443
22 	 132 	 7.29708871003077 	 4.65324360206931 	 0.097943075819182 	 0.101440493662716 	 8.23292832181919
23 	 134 	 7.28855027323918 	 4.64768880953471 	 0.097711688725881 	 0.1012527253268 	 8.22751057128331
24 	 128 	 7.28733554691759 	 4.64258877748783 	 0.0975882001195934 	 0.101143876699432 	 8.22769430607111
25 	 129 	 7.27716122628467 	 4.63823955805826 	 0.0973606570448927 	 0.100956464660168 	 8.22014971493092
26 	 126 	 7.27757588241204 	 4.6381602038792 	 0.0973645388939835 	 0.1010054554499 	 8.22427938477418
27 	 120 	 7.28464456131175 	 4.63421385951258 	 0.0973761862987479 	 0.100911393133616 	 8.22361744851364
28 	 127 	 7.28371342640243 	 4.62966625463535 	 0.0972681954137587 	 0.100790074123408 	 8.22179888537128
29 	 127 	 7.27636485654488 	 4.62312563903005 	 0.0970327829624312 	 0.100620744139263 	 8.21959838084721
30 	 128 	 7.27461245568047 	 4.61816905492225 	 0.0969054075610145 	 0.10055474018437 	 8.22302272593129
31 	 129 	 7.2631580452339 	 4.61384730424697 	 0.0966622801770547 	 0.100333123666457 	 8.21258514332303
32 	 123 	 7.25764239622331 	 4.60574096964703 	 0.0964191721827897 	 0.100185973148936 	 8.21497376716285
33 	 121 	 7.26042065021558 	 4.59826641639579 	 0.0962995454182949 	 0.100085141196252 	 8.22004595222996
34 	 122 	 7.27062249952252 	 4.59181431122099 	 0.0962995454182949 	 0.100091999906815 	 8.23216030282166
35 	 122 	 7.27274453356566 	 4.59065757145691 	 0.0963033855724369 	 0.100091376387673 	 8.23418332239702
36 	 122 	 7.2670641327105 	 4.58264890353889 	 0.0960602918893054 	 0.0998985308244568 	 8.23268095040209
37 	 121 	 7.27706151844345 	 4.58278319522654 	 0.0961952620244078 	 0.0999919696215993 	 8.2401398097244
38 	 116 	 7.28347820942249 	 4.57892841337423 	 0.0961990986319946 	 0.099982171463653 	 8.24626866465454
39 	 118 	 7.28131957725681 	 4.57477147522471 	 0.0960832801531589 	 0.0998626339367081 	 8.24389366451422
40 	 119 	 7.27716519202211 	 4.57168276640877 	 0.0959636247606892 	 0.0997618019840243 	 8.24113384625174
41 	 121 	 7.27389154608265 	 4.56840177631278 	 0.0958516154766653 	 0.0996415518637742 	 8.23711179419031
42 	 120 	 7.28253864542926 	 4.56334142135543 	 0.0958592628051699 	 0.0996271218493441 	 8.24505183083431
43 	 118 	 7.27516404022701 	 4.56281035877245 	 0.0957510472770796 	 0.0994658085398827 	 8.23265976758338
44 	 119 	 7.2661638727457 	 4.56311556715347 	 0.0956389897458405 	 0.0994104044104044 	 8.22752369486861
45 	 120 	 7.26248526156834 	 4.56025881670711 	 0.0955307262569832 	 0.0993167874649356 	 8.22492489216504
46 	 120 	 7.25360189139378 	 4.55421874284668 	 0.0952874985036511 	 0.0991707949115357 	 8.22372685746573
47 	 122 	 7.25420949257891 	 4.54866089822827 	 0.0951791842924415 	 0.0990894702005813 	 8.22702305013091
48 	 119 	 7.25730121553689 	 4.54708602298219 	 0.0951867816091954 	 0.0990884903847867 	 8.22979108652721
49 	 121 	 7.25729526522147 	 4.54173266797906 	 0.0950746387802347 	 0.0989973675158861 	 8.23191444058741
50 	 121 	 7.2699129554561 	 4.53366906255246 	 0.0950708441428856 	 0.0989979910350281 	 8.24660770250641
51 	 119 	 7.27505381919704 	 4.52494010285522 	 0.0949548974215694 	 0.098917378917379 	 8.25578804270388
52 	 122 	 7.28068228777335 	 4.52162248775351 	 0.0949586875823255 	 0.0989418743122447 	 8.26389141947429
53 	 117 	 7.28761906548077 	 4.51767919547071 	 0.0949662688116243 	 0.098933055970093 	 8.27036744840825
54 	 119 	 7.28590099699208 	 4.51286605930199 	 0.0948427271275746 	 0.0988556505223172 	 8.27271044121013
55 	 125 	 7.28540751042358 	 4.50783317309893 	 0.0947305389221557 	 0.0987770871104205 	 8.27536482154883
56 	 124 	 7.28996285233482 	 4.5051961726869 	 0.0947343207313665 	 0.0987525917155547 	 8.27815521211506
57 	 132 	 7.29497747499921 	 4.50263852645394 	 0.0947456679709335 	 0.0987284526173416 	 8.28083281263409
58 	 132 	 7.29255964583239 	 4.49897602588167 	 0.0946372239747634 	 0.0985856667338149 	 8.2755881333734
59 	 127 	 7.29611727109233 	 4.49126951426086 	 0.0945212043766472 	 0.0984578453096972 	 8.27903996892986
60 	 127 	 7.28736896409585 	 4.49114132674083 	 0.0944051755121601 	 0.0983780348595164 	 8.27256504666612
61 	 127 	 7.29517875475128 	 4.48615422179493 	 0.0944014056385273 	 0.0983829339384896 	 8.28217379496975
62 	 122 	 7.29269476971885 	 4.48234522119977 	 0.0942891373801917 	 0.0982644653015024 	 8.27923028410317
63 	 127 	 7.28160409694515 	 4.47865830395703 	 0.0940683043738766 	 0.0979907403981478 	 8.2629643453261
64 	 125 	 7.2679642741483 	 4.47616780356789 	 0.0938398849472675 	 0.097742785335378 	 8.24664160728311
65 	 127 	 7.27805331135566 	 4.47585038685162 	 0.093963485278255 	 0.0978035955813734 	 8.25235741541271
66 	 126 	 7.24638322862558 	 4.47265485510232 	 0.093487814622453 	 0.0974645793164312 	 8.22962783724789
67 	 126 	 7.24506247511211 	 4.46844908361184 	 0.093382881802925 	 0.0973414788229603 	 8.22696965307649
68 	 128 	 7.24022036627457 	 4.46551908315402 	 0.0932592799776242 	 0.0972444770592919 	 8.22416405002018
69 	 125 	 7.23592120180612 	 4.46260739519907 	 0.0931431311436106 	 0.0971337578744987 	 8.22016015887842
70 	 127 	 7.22591021453577 	 4.45782172778465 	 0.0929145186428486 	 0.0969020759761501 	 8.20935721769479
71 	 124 	 7.21109066478638 	 4.45563338369272 	 0.0926784429701862 	 0.0967317661762107 	 8.1989537648158
72 	 123 	 7.2207482626022 	 4.45002975781715 	 0.0926858513189448 	 0.0967221461665907 	 8.20846174510063
73 	 117 	 7.23026964430071 	 4.4450579132903 	 0.0927043773735759 	 0.0967427222982779 	 8.21939117250666
74 	 118 	 7.22412943436843 	 4.44954752857513 	 0.0927192035504378 	 0.0967152874560282 	 8.20876921746363
75 	 118 	 7.20581186173389 	 4.44967266401135 	 0.0924867047862769 	 0.0964794464794465 	 8.18852178293896
76 	 120 	 7.21426217052309 	 4.44499381953028 	 0.0924978005278733 	 0.0964392740318667 	 8.19372794786926
77 	 122 	 7.19380873976418 	 4.44046452715592 	 0.0921415716856629 	 0.0961694683916906 	 8.17913882382797
78 	 129 	 7.1908628090469 	 4.43667689114743 	 0.0920252759558471 	 0.0960815521926633 	 8.17863784948188
79 	 133 	 7.19343662394712 	 4.43526682842711 	 0.092028956525217 	 0.0960553643886977 	 8.17900814441547
80 	 131 	 7.19052545825665 	 4.43145477574814 	 0.0919126469882409 	 0.0959555122518086 	 8.17753432696527
81 	 130 	 7.20066724495034 	 4.42556730607823 	 0.09192 	 0.0959360940842423 	 8.18675609557013
82 	 130 	 7.19850312425198 	 4.42742907720246 	 0.0919310317238069 	 0.0959266522229485 	 8.18250810855921
83 	 130 	 7.19672091578675 	 4.42274412855377 	 0.0918110173220787 	 0.0958620734546661 	 8.18566134033541
84 	 127 	 7.19618719747531 	 4.4174670756459 	 0.0916946711473836 	 0.0957258790592124 	 8.18379630220622
85 	 127 	 7.20003193655774 	 4.41528483572159 	 0.0916983396679336 	 0.0957542937172567 	 8.19027154287559
86 	 127 	 7.197445449067 	 4.41179630392651 	 0.0915929734704494 	 0.0956769773436441 	 8.19012939448652
87 	 126 	 7.18290147166234 	 4.40931801187261 	 0.0913565426170468 	 0.0955007886489368 	 8.17964216048646
88 	 125 	 7.1742156305678 	 4.40920813685544 	 0.0912437970225708 	 0.0953371594112335 	 8.16583079983696
89 	 126 	 7.1936559769354 	 4.40921729310687 	 0.0914912350916513 	 0.095537576278317 	 8.18297993850687
90 	 125 	 7.19782730624589 	 4.40648567809672 	 0.0914875735382399 	 0.0955659909363613 	 8.19048791156219
91 	 126 	 7.18125785582695 	 4.39926444780174 	 0.0911273862408452 	 0.0952585959993368 	 8.17754375241199
92 	 126 	 7.18171657861459 	 4.39951166659036 	 0.0911383285302594 	 0.0952819334300816 	 8.17908754342888
93 	 131 	 7.16855936314855 	 4.39667628073067 	 0.0909127301841473 	 0.0950600496896793 	 8.16530319541401
94 	 130 	 7.16306230529739 	 4.39476567626547 	 0.0908035392561156 	 0.094905416942454 	 8.15556487413406
95 	 132 	 7.15402136836492 	 4.39432312411299 	 0.0906797982224357 	 0.0947815147815148 	 8.14573778883803
96 	 126 	 7.14387537659564 	 4.38908269621084 	 0.090443207751131 	 0.0945876894025042 	 8.1387858653857
97 	 129 	 7.13068523248975 	 4.3856979352653 	 0.090206598334401 	 0.0943938640234936 	 8.12837660449842
98 	 127 	 7.11555039664267 	 4.38314639319996 	 0.0899627657444849 	 0.0941742962113332 	 8.11419006913524
99 	 127 	 7.11625161007003 	 4.38253902852172 	 0.0899591640643767 	 0.0941612023093505 	 8.11418624822027
100 	 128 	 7.13851819669176 	 4.38654336248073 	 0.0903230972494695 	 0.0944117679302865 	 8.12835143754856
101 	 124 	 7.12987963424237 	 4.38672038334173 	 0.090217434829616 	 0.0943020285612878 	 8.11857583247154
102 	 128 	 7.1262886590069 	 4.38361336202292 	 0.0901081297557069 	 0.0942009293861146 	 8.11562020429496
103 	 126 	 7.1083296537849 	 4.38332036197714 	 0.0898750400512656 	 0.0940006906673573 	 8.09891052193267
104 	 127 	 7.09919871413744 	 4.38948557127379 	 0.0898858401762467 	 0.0939370026407064 	 8.08205575058012
105 	 126 	 7.10457830211416 	 4.38616185200446 	 0.0898858401762467 	 0.0939468007986527 	 8.0890237647308
106 	 122 	 7.09389480911919 	 4.38067115322987 	 0.0896383225858133 	 0.0937308850271813 	 8.08054836465406
107 	 122 	 7.09722262503751 	 4.37861710082559 	 0.0896383225858133 	 0.0937504813430739 	 8.08602922221242
108 	 125 	 7.09658658578172 	 4.37953577805247 	 0.0896490946963628 	 0.0937197370530704 	 8.08168189384512
109 	 125 	 7.08109604568242 	 4.37787544445971 	 0.0894194944112816 	 0.0935080968414302 	 8.06648974259802
110 	 124 	 7.07999275708986 	 4.37873308001038 	 0.0894230769230769 	 0.0934796821833859 	 8.06245909424336
111 	 120 	 7.07713479654528 	 4.37531474614293 	 0.0893171982689534 	 0.0933771578216023 	 8.05990865473147
112 	 118 	 7.0727143423559 	 4.3728578186757 	 0.0892112856684835 	 0.0932694671583561 	 8.05513657250768
113 	 115 	 7.06683035641013 	 4.37130125593249 	 0.0891053391053391 	 0.0930469598988118 	 8.03878141131019
114 	 114 	 7.04758707961406 	 4.36531611958064 	 0.0887410317046775 	 0.0927715425863574 	 8.0259758397914
115 	 115 	 7.05084188653878 	 4.36400067145844 	 0.088755261575466 	 0.0927294995813514 	 8.02475674619499
116 	 117 	 7.04103835495591 	 4.36433029650994 	 0.0886385503527903 	 0.0926452354230132 	 8.01685903958062
117 	 113 	 7.04151761237726 	 4.36420821315753 	 0.0886421039971134 	 0.092606042791228 	 8.01369175516857
118 	 116 	 7.03846260311228 	 4.36627752598086 	 0.0886456579263892 	 0.0926001638964602 	 8.00938533006159
119 	 116 	 7.04652582936572 	 4.36128126478353 	 0.0886456579263892 	 0.0926101402027328 	 8.01942472239879
120 	 115 	 7.03872904301968 	 4.35443849288101 	 0.0884086444007859 	 0.0923816649742576 	 8.01221129644784
121 	 112 	 7.04270451937363 	 4.35232950296815 	 0.0884157343919163 	 0.092351290684624 	 8.01345811776608
122 	 110 	 7.04563767202783 	 4.35121549237742 	 0.0884299177862442 	 0.0923292002921633 	 8.01359243936747
123 	 108 	 7.04753672586024 	 4.35021746097148 	 0.0884334643458731 	 0.0923585947660022 	 8.01798276636931
124 	 109 	 7.05163810609786 	 4.3476872834928 	 0.0884334643458731 	 0.0923585947660022 	 8.02264890680146
125 	 112 	 7.05280285638827 	 4.34731798135177 	 0.0884405583186267 	 0.0923709760746798 	 8.02440600913169
126 	 114 	 7.04922636093708 	 4.34987257550092 	 0.0884476534296029 	 0.0923865640532307 	 8.02104679009813
127 	 117 	 7.05553154915609 	 4.34685711669642 	 0.0884653961885657 	 0.0923619795842018 	 8.02447515515431
128 	 117 	 7.05979451253464 	 4.34423232461963 	 0.0884653961885657 	 0.0923619795842018 	 8.02932355579999
129 	 118 	 7.05011505300134 	 4.34427810587679 	 0.088345035105316 	 0.0922522402152032 	 8.0196990451705
130 	 117 	 7.04859170360611 	 4.34574005402188 	 0.088355669689431 	 0.0922424420572569 	 8.01614965257695
131 	 116 	 7.04655845002415 	 4.34716842924507 	 0.0883592151197785 	 0.0922571392941763 	 8.01479255323328
132 	 116 	 7.04067054169427 	 4.34487631430359 	 0.088238834717708 	 0.0921473999251777 	 8.00948212990986
133 	 117 	 7.02640559210483 	 4.34181812632575 	 0.0879980739135669 	 0.0919386991609214 	 7.99697054507069
134 	 115 	 7.03192251230268 	 4.33875993834791 	 0.0880051366427224 	 0.0919347798977428 	 8.00226608991285
135 	 115 	 7.02659346854493 	 4.336458667155 	 0.0878918007785849 	 0.0917750699232181 	 7.99260374109373
136 	 116 	 7.02933436186116 	 4.3351157502785 	 0.0878988561107766 	 0.0917378369230221 	 7.99183607057953
137 	 115 	 7.03611596223141 	 4.33093744754231 	 0.0878988561107766 	 0.0917446956335845 	 8.0001443314005
138 	 116 	 7.04008537329407 	 4.32832181171695 	 0.0878953283030984 	 0.0917505745283523 	 8.00549182569017
139 	 119 	 7.03982765225107 	 4.3283065512979 	 0.0878918007785849 	 0.091759392870504 	 8.00628947835068
140 	 117 	 7.04490400491193 	 4.32536129042103 	 0.0878953283030984 	 0.0917172607913349 	 8.00806253057853
141 	 119 	 7.05012251128291 	 4.32215965450411 	 0.0878953283030984 	 0.0917172607913349 	 8.01399449577009
142 	 113 	 7.05132002961745 	 4.3219460086374 	 0.0879059125757637 	 0.0918005451338785 	 8.02166815962108
143 	 117 	 7.05082506122802 	 4.31667505989715 	 0.0877925414475533 	 0.0917151230114193 	 8.02398972602403
144 	 114 	 7.04661006005729 	 4.31925712280059 	 0.0877925414475533 	 0.0917151230114193 	 8.01919296453932
145 	 118 	 7.04524839789142 	 4.32061224801233 	 0.0878031154649109 	 0.0917142322697878 	 8.01659995093704
146 	 120 	 7.04942140047869 	 4.31805460177937 	 0.0878031154649109 	 0.091700514848663 	 8.02014857023292
147 	 119 	 7.03471938984806 	 4.31538097636161 	 0.0875657445697997 	 0.0914242067945772 	 8.00093657162409
148 	 120 	 7.03527353589604 	 4.30962474629553 	 0.0874558303886926 	 0.0913207916911621 	 8.00256076948698
149 	 119 	 7.03154882323308 	 4.30596834989089 	 0.0873353678123996 	 0.0912286890064668 	 8.00127818047229
150 	 120 	 7.03511916756537 	 4.30378305788277 	 0.0873353678123996 	 0.0912286890064668 	 8.00534091528661
151 	 120 	 7.0317848401169 	 4.30565093317462 	 0.0873318610720739 	 0.0912006306450751 	 7.99940698206699
152 	 120 	 7.03587452244932 	 4.30314822445024 	 0.0873318610720739 	 0.0911937719345127 	 8.00345749051852
153 	 119 	 7.03411836890291 	 4.30422255795144 	 0.0873318610720739 	 0.0912133682504053 	 8.00317923453722
154 	 116 	 7.03032142862403 	 4.30077980741351 	 0.0872149052361066 	 0.091088219051182 	 7.99859619232444
155 	 115 	 7.03183300041579 	 4.30071876573731 	 0.0872324189726495 	 0.0910946323909287 	 7.99927289251976
156 	 114 	 7.02757433434105 	 4.29755375482611 	 0.0871154309583099 	 0.0909447205743502 	 7.99199023287347
157 	 115 	 7.02173928079696 	 4.2955210670085 	 0.0870019280205656 	 0.0907850105998255 	 7.98173058361551
158 	 116 	 7.02856106101486 	 4.29135192052374 	 0.0870019280205656 	 0.0907712931787006 	 7.98827782321279
159 	 114 	 7.00690351137502 	 4.28690198232843 	 0.0866439043984736 	 0.0905021110576667 	 7.97285609023727
160 	 118 	 6.9906867127608 	 4.28523859665186 	 0.0864098340899048 	 0.0902532378458305 	 7.95401768944041
161 	 117 	 6.99605683334589 	 4.282293335775 	 0.0864167771483669 	 0.0902659754511607 	 7.96061161338346
162 	 119 	 7.00064054830651 	 4.27931755406003 	 0.0864133054796722 	 0.090238540608911 	 7.96372614104831
163 	 118 	 6.99973194411306 	 4.27987303331349 	 0.0864133054796722 	 0.0902111057666614 	 7.96027167543526
164 	 118 	 6.99340868500718 	 4.278111980955 	 0.0862997187625552 	 0.0901173106728663 	 7.95526852942841
165 	 117 	 6.98779584182826 	 4.28206442948923 	 0.0863101217503114 	 0.0901241693834287 	 7.94853053131531
166 	 117 	 6.98356647084208 	 4.27867356437608 	 0.0861895768875316 	 0.0900105107512515 	 7.94479766772375
167 	 113 	 6.95716951777208 	 4.27705901204047 	 0.0858313911436149 	 0.0897521066039585 	 7.92498005014233
168 	 115 	 6.94799625941219 	 4.27703459536999 	 0.0857177302684456 	 0.0896623198475051 	 7.91709720730795
169 	 118 	 6.95268903445958 	 4.27466312624945 	 0.085728065592219 	 0.0896456629789964 	 7.92001780019966
170 	 120 	 6.9335517532251 	 4.27491950128951 	 0.0854972264651499 	 0.0894617248320952 	 7.9032932231902
171 	 125 	 6.94141665955379 	 4.27007584428268 	 0.0854972264651499 	 0.0894891596743449 	 7.91468455040347
172 	 116 	 6.95583683657552 	 4.27324390727769 	 0.0857384034086341 	 0.0896910017280388 	 7.9266550960307
173 	 123 	 6.96158965348815 	 4.26971264630927 	 0.0857384034086341 	 0.0896810254217662 	 7.93232841814541
174 	 123 	 6.96587994078471 	 4.26759755222878 	 0.085748743718593 	 0.0896849446849447 	 7.93660664776416
175 	 118 	 6.94223164551165 	 4.26389537456699 	 0.085383502170767 	 0.0893851210517878 	 7.91694197980646
176 	 118 	 6.93752677543592 	 4.26093180118726 	 0.0852663316582915 	 0.0892734220511999 	 7.91254820132375
177 	 119 	 6.93787405615663 	 4.26054723862717 	 0.0852629040038591 	 0.0892695027880214 	 7.91291499186459
178 	 118 	 6.94270866953003 	 4.25775152985701 	 0.0852663316582915 	 0.0892793009459677 	 7.91897982657304
179 	 116 	 6.93400784386083 	 4.25740664438645 	 0.0851525750814136 	 0.0891786471416102 	 7.91069272051566
180 	 118 	 6.93298444611669 	 4.25820629034473 	 0.0851559987134127 	 0.0891835462205833 	 7.9096416730917
181 	 121 	 6.92662507894335 	 4.25624990462238 	 0.0850388002090788 	 0.0890914435358881 	 7.90510504753559
182 	 116 	 6.92383551264438 	 4.25209601855667 	 0.0849215922798553 	 0.0889563180303922 	 7.90082613854418
183 	 120 	 6.92877893878032 	 4.24923316394268 	 0.0849250070368732 	 0.0889406409776781 	 7.90475587138116
184 	 119 	 6.92382028794016 	 4.24640693433442 	 0.0848077851053563 	 0.0888358006876526 	 7.90069287724306
185 	 122 	 6.92581642424449 	 4.24518304872652 	 0.0848077851053563 	 0.0888358006876526 	 7.90297064576185
186 	 120 	 6.92021801057931 	 4.24274443376215 	 0.0846905537459283 	 0.088688828318458 	 7.89443065487739
187 	 120 	 6.9142354434605 	 4.24019594378062 	 0.0845665111790252 	 0.0885888871074057 	 7.89027407162915
188 	 118 	 6.91873918816937 	 4.23709502662943 	 0.0845597104945718 	 0.088577663762849 	 7.89504821509933
189 	 119 	 6.92779391084382 	 4.23793434967724 	 0.0846871481421908 	 0.0886594338446191 	 7.90077143620654
190 	 121 	 6.9276633921148 	 4.23818462054968 	 0.0846905537459283 	 0.0886466962392889 	 7.89916985604632
191 	 116 	 6.93051321643433 	 4.23644188069404 	 0.0846905537459283 	 0.0886760907131278 	 7.90503970132892
192 	 116 	 6.93542371100413 	 4.23361259900197 	 0.0846939596235824 	 0.08867021181836 	 7.90979813672664
193 	 113 	 6.9349737522855 	 4.23388728654489 	 0.0846939596235824 	 0.088699606292199 	 7.91190691682267
194 	 115 	 6.93826479809331 	 4.23187901539776 	 0.0846939596235824 	 0.0886721714499493 	 7.91321325492672
195 	 122 	 6.93186945293969 	 4.2299195775916 	 0.0845767142569877 	 0.0885889761815689 	 7.90945102849094
196 	 123 	 6.93120429514377 	 4.23032550473836 	 0.0845767142569877 	 0.088575258760444 	 7.90746745638422
197 	 121 	 6.92431913903055 	 4.22849120236842 	 0.0844560627387895 	 0.0884322947285911 	 7.8981291765723
198 	 118 	 6.90913333355485 	 4.22567718109539 	 0.0842147597023929 	 0.0882569077013522 	 7.88771408313873
199 	 112 	 6.90739216955228 	 4.22674235834516 	 0.0842147597023929 	 0.0882471095434059 	 7.88485084568871
200 	 112 	 6.90583931611492 	 4.22854308779319 	 0.0842316975060338 	 0.0881336290595551 	 7.8713579469712
201 	 110 	 6.91645422937064 	 4.22844236902745 	 0.0843591600289645 	 0.0882318778615076 	 7.88032040715363
202 	 111 	 6.91906618149873 	 4.22684612919471 	 0.0843591600289645 	 0.0882220797035613 	 7.88242091605302
203 	 110 	 6.91367928800402 	 4.22476766011995 	 0.084252031866098 	 0.0881553631553633 	 7.88033496117473
204 	 111 	 6.9157564060486 	 4.22417860794457 	 0.0842655935613682 	 0.0881622218659257 	 7.88204705162245
205 	 112 	 6.91398013448644 	 4.22560393108395 	 0.0842723760463619 	 0.0881592824185418 	 7.87912567747688
206 	 109 	 6.91933769369392 	 4.22233209723939 	 0.0842723760463619 	 0.0881524237079794 	 7.88461765255853
207 	 107 	 6.90176479282437 	 4.22112347205054 	 0.0840342898539059 	 0.087909429390911 	 7.86513487319655
208 	 108 	 6.9027246509237 	 4.22087625326191 	 0.0840410545381364 	 0.0879084495751163 	 7.86550787010039
209 	 109 	 6.89758634349926 	 4.21829113827466 	 0.08392706194904 	 0.0877938111271446 	 7.86006469608515
210 	 109 	 6.90245364484725 	 4.21548627325306 	 0.083930440383222 	 0.0877879322323768 	 7.86476788029632
211 	 108 	 6.90426207471034 	 4.21489111691007 	 0.0839405773179275 	 0.0878055689166801 	 7.86745867403875
212 	 109 	 6.9026487606364 	 4.21621572128371 	 0.0839473366348593 	 0.0878055689166801 	 7.86498696223415
213 	 110 	 6.90404236657146 	 4.21587388789696 	 0.0839574776516067 	 0.0877957707587338 	 7.86474695546098
214 	 108 	 6.9063092813975 	 4.21432037723756 	 0.0839540970404671 	 0.0878016496535016 	 7.86817293616182
215 	 108 	 6.90707962430871 	 4.21385035633079 	 0.0839540970404671 	 0.0878153670746264 	 7.87027996413207
216 	 112 	 6.90097578873403 	 4.21184818935128 	 0.083840051544316 	 0.0877154258635741 	 7.8650599302631
217 	 108 	 6.90668635433214 	 4.20836576172382 	 0.083840051544316 	 0.0877154258635741 	 7.87156827662451
218 	 104 	 6.90178473453546 	 4.20596377176517 	 0.0837327318861009 	 0.0876493328345182 	 7.87012909689019
219 	 109 	 6.88696069957106 	 4.20336034427505 	 0.0835011681301861 	 0.0874369800295727 	 7.85592440466591
220 	 107 	 6.87155226122465 	 4.20093088556212 	 0.0832661940058008 	 0.0872018242388614 	 7.83932740749151
221 	 106 	 6.8740358620622 	 4.19992064582093 	 0.0832762580073325 	 0.0872020914613509 	 7.84123709091106
222 	 108 	 6.86755044255764 	 4.19761632254422 	 0.0831520425429055 	 0.0871022393244617 	 7.83655795431771
223 	 108 	 6.86635858627272 	 4.19885241648736 	 0.0831620935573553 	 0.0870828211568954 	 7.83250443020755
224 	 110 	 6.84948129132437 	 4.19746982252133 	 0.0829303675048356 	 0.0869085920937774 	 7.81940848416232
225 	 112 	 6.84172146412405 	 4.19661218697065 	 0.0828194897835812 	 0.0867454082268898 	 7.80632137983891
226 	 112 	 6.83264788275953 	 4.19605060354957 	 0.0826985854189336 	 0.086649386279016 	 7.7987238635453
227 	 110 	 6.81669052921965 	 4.19357536357948 	 0.0824567766896385 	 0.0864446047779382 	 7.78488515352323
228 	 110 	 6.81009719354442 	 4.19164949869523 	 0.0823391907141706 	 0.0863171396504731 	 7.77697762283035
229 	 114 	 6.78351637628102 	 4.18970532130812 	 0.0819797670388134 	 0.086036466962393 	 7.75528672224619
230 	 112 	 6.79054303613074 	 4.18503258099467 	 0.0819731592310482 	 0.0860352199241089 	 7.76383324754696
231 	 112 	 6.78803746102323 	 4.18708358131514 	 0.0819830713422007 	 0.0860207899096789 	 7.75872868360381
232 	 116 	 6.79072803694808 	 4.18576202902532 	 0.0819896807481458 	 0.0859904156200454 	 7.75843780946209
233 	 114 	 6.78992742688897 	 4.18642433121213 	 0.0819929858507679 	 0.0859267275933944 	 7.75146509832851
234 	 115 	 6.79123736144481 	 4.18595431030536 	 0.0819995968554727 	 0.0859394651987246 	 7.75348466411231
235 	 116 	 6.78491673690294 	 4.19002273802439 	 0.0820029027576197 	 0.0859170185096112 	 7.74393300587236
236 	 113 	 6.78746457728634 	 4.18861877947168 	 0.0820062089263396 	 0.0859082001674595 	 7.74573356192581
237 	 111 	 6.79014439633153 	 4.18730333134948 	 0.0820128220636265 	 0.0858925231147454 	 7.7467529638804
238 	 106 	 6.79107993701715 	 4.18672648750935 	 0.0820128220636265 	 0.0858758662462367 	 7.74631779476016
239 	 107 	 6.7870178986906 	 4.18923224831754 	 0.0820128220636265 	 0.0859033010884864 	 7.74415763045528
240 	 109 	 6.77508733378356 	 4.18422988295259 	 0.0817708963348252 	 0.0857418096306986 	 7.73884017731478
241 	 111 	 6.77695720388622 	 4.18324405988188 	 0.0817741935483871 	 0.0857173142358328 	 7.73845249819915
242 	 112 	 6.77986454934725 	 4.18195608051397 	 0.0817840867846917 	 0.0856954019916984 	 7.73885700539605
243 	 111 	 6.77364892057921 	 4.17993865311541 	 0.0816696914700544 	 0.0856163932089859 	 7.73545367261928
244 	 111 	 6.77360428150597 	 4.18064063239177 	 0.0816828687830261 	 0.085532307198974 	 7.72655889029226
245 	 110 	 6.77533055472607 	 4.179575455142 	 0.0816828687830261 	 0.0855391659095364 	 7.7291477661859
246 	 114 	 6.76502252385706 	 4.17991118436112 	 0.081565147236789 	 0.0854032387365722 	 7.7162458426413
247 	 113 	 6.74782415837875 	 4.17863541332845 	 0.0813329567918667 	 0.0851887481517112 	 7.69921637481014
248 	 115 	 6.75108355279395 	 4.17661798592989 	 0.0813329567918667 	 0.0851750307305864 	 7.70169496282363
249 	 114 	 6.74338481911776 	 4.17550092325535 	 0.0812184789187008 	 0.0850645787682826 	 7.69376542346343
250 	 112 	 6.74740441340884 	 4.17301347495002 	 0.0812184789187008 	 0.08504498245239 	 7.69657805203479
251 	 120 	 6.7447720594846 	 4.17497901692381 	 0.0812250332889481 	 0.0850371439260329 	 7.69224552009228
252 	 113 	 6.74321945695123 	 4.16988508904454 	 0.0811072552659188 	 0.0848891917410437 	 7.68824262976182
253 	 113 	 6.74353599188998 	 4.16985762029025 	 0.0811105282272709 	 0.084877344877345 	 7.68722032213924
254 	 111 	 6.73698738539408 	 4.16784934914313 	 0.0809927360774818 	 0.084737320292876 	 7.67823645818715
255 	 111 	 6.72860228788902 	 4.16680553648003 	 0.0808716707021792 	 0.0846315001870559 	 7.6705689113845
256 	 109 	 6.72819866327501 	 4.16722367196203 	 0.0808749344202752 	 0.0846510965029485 	 7.67157518561814
257 	 105 	 6.73233593219735 	 4.16483083825482 	 0.0808781984018081 	 0.0846520763187431 	 7.67607160810459
258 	 105 	 6.73512457680157 	 4.16310641090204 	 0.0808781984018081 	 0.0846716726346357 	 7.68102885220114
259 	 106 	 6.73643826081184 	 4.16229455660852 	 0.0808781984018081 	 0.0846618744766894 	 7.68163801688179
260 	 105 	 6.72943307271949 	 4.16072578553007 	 0.0807636422344204 	 0.0846148433185471 	 7.68026542826517
261 	 104 	 6.73766878149977 	 4.1618703169589 	 0.0808847271553116 	 0.0846902891347337 	 7.68499945759652
262 	 105 	 6.73481438831425 	 4.16380228601077 	 0.0808879919273461 	 0.0847285019507243 	 7.68489959627814
263 	 102 	 6.72568935545517 	 4.16354591097071 	 0.0807734226779155 	 0.0846134181319367 	 7.67493402430705
264 	 102 	 6.71884711269541 	 4.16187336904271 	 0.0806588349279399 	 0.0844904067126291 	 7.66685602595101
265 	 105 	 6.70974759460564 	 4.1610920355873 	 0.0805344744065881 	 0.0843973242121392 	 7.659847532481
266 	 101 	 6.71170682472551 	 4.15970944162127 	 0.080531223509466 	 0.0843894856857821 	 7.66168183758136
267 	 100 	 6.71232240742655 	 4.15916006653543 	 0.0805279728747881 	 0.0843950973580604 	 7.66320340211293
268 	 100 	 6.70533831724958 	 4.15756687878649 	 0.0804133699337962 	 0.0842796572426203 	 7.65565380151337
269 	 101 	 6.70539261324594 	 4.15719757664545 	 0.0804068781787358 	 0.0842744909411577 	 7.65586455740967
270 	 102 	 6.68750780826628 	 4.15609577438997 	 0.0801711609882125 	 0.0840179573512908 	 7.63458335111385
271 	 101 	 6.68097240510169 	 4.1540447740695 	 0.0800532881191716 	 0.0838484492188197 	 7.62294226781776
272 	 101 	 6.66685168194374 	 4.15008011720002 	 0.0798078475698369 	 0.0836446475335366 	 7.61167862968419
273 	 107 	 6.67107871418315 	 4.14795281478429 	 0.0798175138277686 	 0.083587818217448 	 7.61040819394812
274 	 108 	 6.67257057457401 	 4.14719284591555 	 0.0798207364341085 	 0.0835789998752963 	 7.6109997640344
275 	 104 	 6.66661882536792 	 4.14493125181217 	 0.0797060486150367 	 0.0834883223772114 	 7.60689062550293
276 	 105 	 6.66679555068158 	 4.14482137679501 	 0.0797060486150367 	 0.0834991003509523 	 7.60807431849035
277 	 105 	 6.66033704626526 	 4.14253536602115 	 0.0795849148025519 	 0.0833962196925161 	 7.60289353688397
278 	 101 	 6.64458815889677 	 4.14004791771582 	 0.0793490550799548 	 0.0831992767177954 	 7.58949627671716
279 	 99 	 6.65132900688424 	 4.13601916708633 	 0.0793522594192949 	 0.0832105000623521 	 7.59791373638992
280 	 98 	 6.64914069855405 	 4.13804880282013 	 0.0793650793650794 	 0.0831350542461655 	 7.58730155643933
281 	 99 	 6.64270540314166 	 4.13606800042729 	 0.0792503130427758 	 0.0830527497194165 	 7.58342008649471
282 	 97 	 6.64792842030006 	 4.13298539577897 	 0.0792535142995637 	 0.0830370726667024 	 7.58764369700103
283 	 94 	 6.62923682868035 	 4.13213081231211 	 0.0790143405372652 	 0.0828107352181428 	 7.56852671046634
284 	 94 	 6.63164360246901 	 4.1309649162966 	 0.0790207247606351 	 0.0828012933568491 	 7.56979961404448
285 	 96 	 6.63211087110777 	 4.13100764546994 	 0.0790271100157569 	 0.0827775996294516 	 7.5675552273399
286 	 95 	 6.62465534072089 	 4.12931373895527 	 0.0789059027918064 	 0.0826649208130691 	 7.56035419223179
287 	 98 	 6.62466516708064 	 4.12980817653253 	 0.0789154679165993 	 0.0826149502075429 	 7.55487937967997
288 	 92 	 6.61940859927306 	 4.12690564482901 	 0.0787974299915141 	 0.0825169686280799 	 7.55122645941451
289 	 96 	 6.62228649353223 	 4.12527888415816 	 0.0788006142406854 	 0.0825082393600914 	 7.55340506599447
290 	 96 	 6.62525691783732 	 4.12342932136916 	 0.0788006142406854 	 0.0825150980706538 	 7.55742132116514
291 	 97 	 6.61762392012477 	 4.12200094614598 	 0.0786825621337644 	 0.0823939572087722 	 7.54894121862107
292 	 98 	 6.60817381264046 	 4.12170184193258 	 0.078564500484966 	 0.0822558031817293 	 7.5368304291991
293 	 96 	 6.58774406728921 	 4.12172320651925 	 0.0783220174587779 	 0.0820373042595267 	 7.51677112430539
294 	 95 	 6.6247068455059 	 4.12427169650079 	 0.0788101685325142 	 0.0825330910516097 	 7.55752534211959
295 	 96 	 6.62988300335169 	 4.121051748081 	 0.0788101685325142 	 0.0825526873675023 	 7.56522617932298
296 	 96 	 6.62003973377715 	 4.12132948770773 	 0.078698464025869 	 0.0824655728359434 	 7.55673361180496
297 	 98 	 6.62062602133302 	 4.12113110226007 	 0.0787016451756336 	 0.0824636132043541 	 7.55691780281419
298 	 96 	 6.61346417175708 	 4.11940362282348 	 0.0785835556633519 	 0.0823558334669448 	 7.55020579544111
299 	 98 	 6.6166510426513 	 4.11775244548215 	 0.0785899094437258 	 0.0823166408351595 	 7.54963881503837
300 	 100 	 6.62090577971456 	 4.11510628881869 	 0.0785899094437258 	 0.0823234995457219 	 7.55512294421165
301 	 100 	 6.61971272375505 	 4.11584794518457 	 0.0785899094437258 	 0.0823234995457219 	 7.5537615467302
302 	 100 	 6.61309898626699 	 4.11377252819362 	 0.0784718010915706 	 0.0821814262555005 	 7.54452965088759
303 	 103 	 6.61685449867779 	 4.1114376840788 	 0.0784718010915706 	 0.0821951436766253 	 7.55007413366738
304 	 102 	 6.61643438931956 	 4.11186497581224 	 0.0784749737203849 	 0.0821990629398038 	 7.54964952271658
305 	 102 	 6.60831948290557 	 4.11071739229959 	 0.078356851170501 	 0.0820011401492885 	 7.53357367039754
306 	 102 	 6.5918442054713 	 4.10823299607807 	 0.078114260300004 	 0.0817885201218536 	 7.51858394433602
307 	 101 	 6.58447694116543 	 4.10660928749103 	 0.0779961183891315 	 0.0816611440685516 	 7.50984276576084
308 	 100 	 6.58741260350355 	 4.10461322467915 	 0.0779929648647556 	 0.0816670229633194 	 7.51403568942417
309 	 99 	 6.58095700011024 	 4.10241572433579 	 0.0778748180494905 	 0.0815911317763171 	 7.51107430666591
310 	 99 	 6.57348568794914 	 4.10084695325734 	 0.0777566616796733 	 0.0814755135125507 	 7.50330005550397
311 	 98 	 6.56731827343985 	 4.09846022371774 	 0.0776384957541448 	 0.081376552117293 	 7.49855065680987
312 	 97 	 6.5568942434844 	 4.09839612995773 	 0.0775140511908131 	 0.0812628934851159 	 7.48819453505004
313 	 100 	 6.55972756799756 	 4.0966259213478 	 0.0775140511908131 	 0.0812697521956783 	 7.49206257527034
314 	 101 	 6.55178053905562 	 4.09517618153795 	 0.0773927459463831 	 0.0811541339319119 	 7.48405250988993
315 	 101 	 6.55260586332345 	 4.09466037937402 	 0.0773927459463831 	 0.081140416510787 	 7.48373008893599
316 	 101 	 6.54488297899931 	 4.09323200415083 	 0.0772745653052972 	 0.081037624926514 	 7.47685764763598
317 	 96 	 6.54658386613353 	 4.09249950403638 	 0.0772808152701391 	 0.0810503625318442 	 7.47937133359142
318 	 104 	 6.54376071755027 	 4.094596285614 	 0.0772870662460568 	 0.0810346854791301 	 7.47409531320107
319 	 101 	 6.54730382630006 	 4.09238047276778 	 0.0772870662460568 	 0.0809856946893985 	 7.47362112203195
320 	 101 	 6.54687415423763 	 4.09264905614308 	 0.0772870662460568 	 0.0809856946893985 	 7.47313065965437
321 	 98 	 6.54909044449974 	 4.09109859756749 	 0.0772839406316981 	 0.0809719772682737 	 7.47469656782791
322 	 100 	 6.55218741805898 	 4.08966106609287 	 0.0772933182332956 	 0.0809082892416227 	 7.47144270756366
323 	 96 	 6.54539485689865 	 4.08764363869432 	 0.0771751001092101 	 0.0807965902410348 	 7.46481029580376
324 	 96 	 6.54575247851861 	 4.08758564910192 	 0.0771782218267131 	 0.0807809131883207 	 7.46346777123463
325 	 97 	 6.53520582679171 	 4.0875795449343 	 0.077053755612183 	 0.0806408886038517 	 7.45054181946759
326 	 93 	 6.53484963107159 	 4.08780234705245 	 0.077053755612183 	 0.0806271711827269 	 7.44886842855896
327 	 95 	 6.5158112172531 	 4.08716446153611 	 0.0768172808543344 	 0.0804018135499619 	 7.42920770678345
328 	 96 	 6.51799176782476 	 4.08579712798913 	 0.0768172808543344 	 0.0803949548393995 	 7.43105996652502
329 	 97 	 6.5116596942639 	 4.08347449220956 	 0.0766990291262136 	 0.0802903817718634 	 7.42561528525509
330 	 95 	 6.50426357510279 	 4.08164934609104 	 0.0765776699029126 	 0.0802080772451145 	 7.42132041955036
331 	 94 	 6.51444966059661 	 4.0817256481863 	 0.0766990291262136 	 0.0802853936187272 	 7.42833531780556
332 	 98 	 6.52524525508083 	 4.08142043980528 	 0.0768203883495146 	 0.0803597705449559 	 7.43577298247245
333 	 100 	 6.53517740026108 	 4.08165545025866 	 0.0769417475728155 	 0.0804587319402136 	 7.44450132458155
334 	 100 	 6.52592846704786 	 4.08099314807185 	 0.0768203883495146 	 0.0803882742771633 	 7.43918928539426
335 	 101 	 6.52786663929142 	 4.07978147079919 	 0.0768203883495146 	 0.0803745568560385 	 7.44012889498522
336 	 97 	 6.50975898216155 	 4.07803873094355 	 0.0765745722260426 	 0.0801746744339339 	 7.42479775060562
337 	 100 	 6.51012419092409 	 4.07764501213203 	 0.0765714747997735 	 0.0801805533287017 	 7.42605913912316
338 	 101 	 6.51258587253486 	 4.07610370980787 	 0.0765714747997735 	 0.0801942707498265 	 7.43013810722096
339 	 102 	 6.51143523123576 	 4.07682400158708 	 0.0765714747997735 	 0.0802079881709513 	 7.43009607140782
340 	 101 	 6.51073334473023 	 4.07726350165576 	 0.0765714747997735 	 0.0802148468815137 	 7.4299304504366
341 	 98 	 6.5114009670725 	 4.076680553648 	 0.0765683776240747 	 0.0802207257762815 	 7.43153751165181
342 	 97 	 6.51998772306054 	 4.07809366845214 	 0.0766959265401885 	 0.080325566066307 	 7.4386712776371
343 	 99 	 6.5120704044971 	 4.07758091837202 	 0.0765931620473397 	 0.0802688258243815 	 7.43435150292101
344 	 99 	 6.52165353924712 	 4.07804178302736 	 0.0767145458223751 	 0.0803609285090768 	 7.44204075525189
345 	 98 	 6.5143096648552 	 4.07700407453189 	 0.0766086604613517 	 0.0801718240607131 	 7.42641797173574
346 	 96 	 6.51631969394727 	 4.07591142852783 	 0.0766117608968392 	 0.0801630057185614 	 7.4275917283124
347 	 96 	 6.51739823889744 	 4.07523691800577 	 0.0766117608968392 	 0.0801355708763118 	 7.4262786756228
348 	 97 	 6.51794481423019 	 4.07473027209327 	 0.0766086604613517 	 0.0801385103236957 	 7.42747448477729
349 	 99 	 6.51979095736742 	 4.07390620946451 	 0.0766148615832929 	 0.0801522277448205 	 7.43024852972409
350 	 100 	 6.52006450020509 	 4.07373529277114 	 0.0766148615832929 	 0.0801522277448205 	 7.43056027150856
351 	 98 	 6.51227850163758 	 4.07247173007371 	 0.0764996357160204 	 0.0800415085600272 	 7.42259827275405
352 	 98 	 6.51327433348259 	 4.07217873002793 	 0.076505829015544 	 0.0800405287442326 	 7.42304147193846
353 	 100 	 6.50592977225566 	 4.07030475056845 	 0.0763843911917098 	 0.0799249104804662 	 7.41573156643757
354 	 103 	 6.50554430538315 	 4.07104030276671 	 0.0763936682725396 	 0.0798680811643776 	 7.40911981477763
355 	 103 	 6.49715009802896 	 4.06965465671687 	 0.0762691280058295 	 0.0797642206901468 	 7.40200438826883
356 	 106 	 6.5012117958842 	 4.06694745837721 	 0.0762660405618751 	 0.0797632408743521 	 7.40684060974689
357 	 107 	 6.50352521896296 	 4.06550077065116 	 0.0762660405618751 	 0.0797828371902448 	 7.41129666405773
358 	 106 	 6.49738652626834 	 4.06351996825833 	 0.0761569294303413 	 0.0797000872926801 	 7.40721870884731
359 	 106 	 6.5000918379981 	 4.06166430130171 	 0.0761538461538462 	 0.0796991074768854 	 7.41051176673305
360 	 109 	 6.49105093780082 	 4.06099894703109 	 0.0760354670229564 	 0.0795815295815297 	 7.40079159052058
361 	 108 	 6.49303080341327 	 4.06008942605564 	 0.0760416244888043 	 0.0795952470026546 	 7.40372543475937
362 	 109 	 6.48637246460411 	 4.05809336324375 	 0.0759263008706216 	 0.0794635063153583 	 7.39510694584285
363 	 107 	 6.47702294949452 	 4.05728456103405 	 0.075801749271137 	 0.0793614273243905 	 7.38707946456297
364 	 106 	 6.47804142595031 	 4.05664667551771 	 0.075801749271137 	 0.0793320328505516 	 7.38550453093764
365 	 105 	 6.48041098802818 	 4.05516336278594 	 0.075801749271137 	 0.0792928402187663 	 7.38455601162377
366 	 103 	 6.49080701885533 	 4.05499244609257 	 0.075920152245212 	 0.0794319740616039 	 7.39782537356356
367 	 102 	 6.48252360178584 	 4.05384181049612 	 0.075801749271137 	 0.0793339924821408 	 7.39079714347957
368 	 105 	 6.48146367726044 	 4.05466892520869 	 0.0758048187892286 	 0.0793153759820428 	 7.38755552035534
369 	 99 	 6.48382588322592 	 4.05319171664454 	 0.0758048187892286 	 0.0792957796661502 	 7.38842206052724
370 	 99 	 6.47781053519277 	 4.05111019548597 	 0.075695597586165 	 0.0791419485863932 	 7.37787769373567
371 	 101 	 6.47790467698038 	 4.05154359138702 	 0.0757047958522359 	 0.079094917428251 	 7.37270454481495
372 	 96 	 6.48166926264384 	 4.04919043476934 	 0.0757047958522359 	 0.079094917428251 	 7.37698913670296
373 	 97 	 6.48084735788256 	 4.04986799737521 	 0.0757078624377203 	 0.0791145137441436 	 7.37758232513639
374 	 96 	 6.48283092233108 	 4.04862885134826 	 0.0757078624377203 	 0.0791007963230187 	 7.37856078159338
375 	 97 	 6.4841423035911 	 4.04764608036137 	 0.0757047958522359 	 0.0790926905741723 	 7.3795960089611
376 	 95 	 6.47612376462667 	 4.04598879885242 	 0.0755802179108105 	 0.0789809915735844 	 7.37219263677088
377 	 94 	 6.4804060746527 	 4.04331517343466 	 0.0755802179108105 	 0.0789809915735844 	 7.37706746862859
378 	 97 	 6.48155583145643 	 4.04259793373926 	 0.0755802179108105 	 0.0789878502841468 	 7.37901704984985
379 	 98 	 6.46270553710086 	 4.04135268354469 	 0.075337194702094 	 0.0787517146776408 	 7.35922422273999
380 	 97 	 6.46289232910827 	 4.0415632773276 	 0.0753432980921133 	 0.0787360376249267 	 7.35737583590935
381 	 100 	 6.45455268316806 	 4.04042179798257 	 0.0752248237867617 	 0.078618459729571 	 7.34846440283
382 	 100 	 6.44502783262988 	 4.03969234995193 	 0.0751002551950419 	 0.0784950029394476 	 7.33824973136382
383 	 98 	 6.43744908164471 	 4.03790382883914 	 0.0749787337465063 	 0.0783607681755832 	 7.32894534254158
384 	 99 	 6.44026761359241 	 4.03613667231302 	 0.0749787337465063 	 0.0783705663335295 	 7.33307100734471
385 	 98 	 6.43355435206173 	 4.03429016160784 	 0.0748663101604278 	 0.0782314324906919 	 7.32340278248844
386 	 100 	 6.42521539410986 	 4.03329518228571 	 0.0747508305647841 	 0.0781403096217913 	 7.31667710256057
387 	 98 	 6.41720060933513 	 4.03143951532909 	 0.074623237724842 	 0.0780540858318638 	 7.31196766959642
388 	 98 	 6.41697245220648 	 4.03190953623587 	 0.0746292844988251 	 0.078074661963551 	 7.31304258570363
389 	 102 	 6.39792273082897 	 4.03057882769461 	 0.074383178705992 	 0.0778551832255538 	 7.29489224267402
390 	 106 	 6.39753517729138 	 4.03082299439943 	 0.074383178705992 	 0.0778355869096612 	 7.2926143265637
391 	 104 	 6.39935218954215 	 4.03000503593829 	 0.0743892062720311 	 0.0778309550531775 	 7.2936604288825
392 	 98 	 6.39887249554725 	 4.03063376520319 	 0.0743952348150249 	 0.0778368339479452 	 7.29307354209323
393 	 101 	 6.40003559472191 	 4.02990126508874 	 0.0743952348150249 	 0.0778368339479452 	 7.2943991768552
394 	 101 	 6.39140057590009 	 4.02858886905034 	 0.0742706645056726 	 0.0776957404735184 	 7.28354874012485
395 	 99 	 6.3908025743074 	 4.02912908788475 	 0.0742736739738239 	 0.0776800634208043 	 7.2811027336891
396 	 98 	 6.38134588302764 	 4.02898563994567 	 0.0741611282217539 	 0.0774654837617802 	 7.26124828698209
397 	 96 	 6.3622090104416 	 4.02801812937783 	 0.0739209726443769 	 0.0772440453921937 	 7.24223083216146
398 	 97 	 6.36094381286008 	 4.02898258786186 	 0.0739239685498906 	 0.0772509041027561 	 7.2411400894042
399 	 96 	 6.36211972646654 	 4.02856445237986 	 0.0739299610894942 	 0.0772126912867656 	 7.23830940347047
400 	 96 	 6.36174882453321 	 4.02945260876864 	 0.0739419490838333 	 0.0771509628917038 	 7.23092850582474
401 	 96 	 6.36407230824623 	 4.02765493140442 	 0.0739359546007296 	 0.0771358202839686 	 7.2327360460961
402 	 95 	 6.37456368508078 	 4.02763967098537 	 0.0740575597892177 	 0.0772318422318424 	 7.24176710176397
403 	 94 	 6.3647474481918 	 4.02755421263868 	 0.0739419490838333 	 0.0770438957475996 	 7.22429728427348
404 	 93 	 6.34635969547999 	 4.02593660821926 	 0.0736987189881628 	 0.0768685087203608 	 7.21074757490757
405 	 91 	 6.33903753014103 	 4.02377268079781 	 0.0735741213668977 	 0.0767783656672548 	 7.20616488137555
406 	 93 	 6.33869831412438 	 4.02415113919028 	 0.0735771039403276 	 0.0767528904565943 	 7.20309637026938
407 	 94 	 6.34135595052876 	 4.02230157640129 	 0.0735741213668977 	 0.0767146776406038 	 7.20282070736919
408 	 94 	 6.3447712332042 	 4.02029940942178 	 0.0735771039403276 	 0.0767293748775232 	 7.2077884418269
409 	 94 	 6.35135493265041 	 4.02293335775 	 0.0737017067336928 	 0.0768126592200668 	 7.21088768822928
410 	 91 	 6.3608700523393 	 4.02387034747974 	 0.0738293127914048 	 0.0769096609837352 	 7.21831262207442
411 	 90 	 6.36099549663349 	 4.02379099330068 	 0.0738293127914048 	 0.0769302371154225 	 7.22038617546324
412 	 92 	 6.35116596815278 	 4.02370553495399 	 0.0737136601386693 	 0.0768783959524702 	 7.21567380496076
413 	 95 	 6.34377200497874 	 4.02191090967358 	 0.0735950044603033 	 0.0767906579017692 	 7.21065490904123
414 	 93 	 6.34392544062867 	 4.02213981595935 	 0.0736009732360097 	 0.0767602836121356 	 7.20739255108521
415 	 92 	 6.34411049610042 	 4.0221855972165 	 0.0736039579869419 	 0.0767446065594216 	 7.20583853802206
416 	 94 	 6.34370567188821 	 4.02276854522425 	 0.0736099282151113 	 0.0767357882172699 	 7.20396645733648
417 	 97 	 6.34579037890322 	 4.02144699293443 	 0.0736099282151113 	 0.0767357882172699 	 7.20633386846592
418 	 99 	 6.32841674644004 	 4.0193196905187 	 0.0733695652173913 	 0.0764849553738444 	 7.18657953137257
419 	 94 	 6.32049626642797 	 4.01784553403836 	 0.0732508618941391 	 0.0763644380311049 	 7.17788825542449
420 	 94 	 6.32124535033058 	 4.01736940896397 	 0.0732508618941391 	 0.0763712967416673 	 7.17938371659836
421 	 95 	 6.32160074709559 	 4.01714355476201 	 0.0732508618941391 	 0.0763781554522297 	 7.18043215843644
422 	 95 	 6.32891852543261 	 4.01916403424438 	 0.0733725410667207 	 0.0764633994263626 	 7.18483236672224
423 	 98 	 6.33038952513318 	 4.01823009659845 	 0.0733725410667207 	 0.0764536012684163 	 7.18558141093739
424 	 98 	 6.3234792503796 	 4.01595018999222 	 0.0732508618941391 	 0.0763918728733545 	 7.18385584869764
425 	 98 	 6.31432052783497 	 4.0152573669673 	 0.0731321489413483 	 0.0762938912938915 	 7.17587967419305
426 	 96 	 6.31627459046315 	 4.01401516885654 	 0.0731321489413483 	 0.0762938912938915 	 7.17810035941704
427 	 95 	 6.31698229469554 	 4.01372827297838 	 0.0731351154017767 	 0.0762832914684768 	 7.17761608592657
428 	 93 	 6.30951332952343 	 4.0117932518427 	 0.0730134263578469 	 0.0761676732047104 	 7.17019413528442
429 	 96 	 6.31174282685368 	 4.01053884539669 	 0.0730163881226675 	 0.0761480768888178 	 7.17059149608005
430 	 92 	 6.31140661120097 	 4.01075249126341 	 0.0730163881226675 	 0.0761412181782554 	 7.16956370525112
431 	 95 	 6.31289245428184 	 4.00997115780799 	 0.0730193501277839 	 0.0761216218623628 	 7.16911510181199
432 	 94 	 6.31542217986716 	 4.00852752216576 	 0.0730223123732252 	 0.0761216218623628 	 7.17169699504511
433 	 98 	 6.30751865787248 	 4.00686108440538 	 0.0729006085192698 	 0.0760432365987923 	 7.16729164125491
434 	 97 	 6.3099518420553 	 4.00547849043935 	 0.072903566067589 	 0.0760383375198192 	 7.16930370485386
435 	 96 	 6.31034365953862 	 4.0055547925346 	 0.072909481884205 	 0.0760373577040245 	 7.16907475573607
436 	 94 	 6.3116577334713 	 4.00488333409635 	 0.0729124401525603 	 0.0760422567829977 	 7.17073870244618
437 	 97 	 6.30134050461337 	 4.00458117779914 	 0.0727877632166187 	 0.0759393761245615 	 7.16157743803302
438 	 95 	 6.29344123965712 	 4.00290253170352 	 0.0726660445490323 	 0.0758237578607951 	 7.15367256998383
439 	 94 	 6.28542986884383 	 4.00129103145172 	 0.072544325881446 	 0.0757266670229635 	 7.14738984946469
440 	 93 	 6.29426015306012 	 4.00286895878161 	 0.0726748904398637 	 0.0758236687866319 	 7.15372416550599
441 	 91 	 6.29617562066461 	 4.00165117734133 	 0.0726748904398637 	 0.0758168100760695 	 7.15525389032551
442 	 92 	 6.29572807428688 	 4.00177326069374 	 0.0726719415702982 	 0.075825539344058 	 7.15585940717005
443 	 92 	 6.28810878398465 	 4.00007325001145 	 0.0725531569550398 	 0.0757030623697292 	 7.14733721815988
444 	 94 	 6.28768180247047 	 4.00034488547055 	 0.0725531569550398 	 0.0756932642117829 	 7.14592688384968
445 	 93 	 6.29846406690668 	 4.00052190633155 	 0.0726807888970051 	 0.0758010439491923 	 7.15578532492093
446 	 95 	 6.2987659122926 	 4.00016786460956 	 0.0726778395487562 	 0.07580692284396 	 7.15697368970217
447 	 95 	 6.2997801180821 	 3.99952387492561 	 0.0726778395487562 	 0.0757873265280674 	 7.15627568421485
448 	 94 	 6.30195539048658 	 3.99846785392727 	 0.0726837384846394 	 0.0757875046763937 	 7.1581825287423
449 	 93 	 6.3040108155343 	 3.99732637458225 	 0.0726866883116883 	 0.0757649689131172 	 7.15809749806806
450 	 89 	 6.30292880011887 	 3.99817485388149 	 0.0726896383781809 	 0.0757747670710635 	 7.15750394120328
451 	 90 	 6.29732252839831 	 3.99503120755696 	 0.0725678801899428 	 0.0756826643863682 	 7.15442945679177
452 	 89 	 6.29282347704186 	 3.99804971844527 	 0.0725708255540222 	 0.0756669873336541 	 7.14754702895284
453 	 87 	 6.28392636083063 	 3.99731721833082 	 0.0724549439844131 	 0.0755720342757381 	 7.13988583823714
454 	 87 	 6.27476079843827 	 3.99675258282592 	 0.0723390435982788 	 0.0754054655906509 	 7.12515523536899
455 	 85 	 6.26591501043344 	 3.99565688473805 	 0.0722172606965982 	 0.075312383090161 	 7.11831121965589
456 	 84 	 6.26582956412426 	 3.99587358268858 	 0.072220192424796 	 0.0752800491689382 	 7.11486924646852
457 	 84 	 6.2651372127616 	 3.99663965572495 	 0.0722260565953473 	 0.0752754173124545 	 7.11306779122447
458 	 84 	 6.26371177095784 	 3.99754917670039 	 0.0722260565953473 	 0.0752616998913297 	 7.11015351084266
459 	 82 	 6.25533713387237 	 3.99631308275725 	 0.0721071863580999 	 0.0751431421801794 	 7.10114884631254
460 	 81 	 6.25528617348818 	 3.99667017656305 	 0.0721130420659412 	 0.0751421623643847 	 7.10042178816651
461 	 84 	 6.2483121417629 	 3.99421019701201 	 0.0719883064679849 	 0.07503536244277 	 7.09469676150916
462 	 85 	 6.24933882878198 	 3.99355399899281 	 0.0719883064679849 	 0.0750422211533324 	 7.09651112870092
463 	 86 	 6.24879440388046 	 3.99390193654718 	 0.0719883064679849 	 0.0750422211533324 	 7.09589290052059
464 	 88 	 6.24727147325787 	 3.99487555128264 	 0.0719883064679849 	 0.07503536244277 	 7.09351512600426
465 	 86 	 6.24902362385594 	 3.99375543652429 	 0.0719883064679849 	 0.0750010688899579 	 7.09226174780894
466 	 86 	 6.25052886671467 	 3.99295579056601 	 0.0719912294948839 	 0.0749863716530385 	 7.09229199315126
467 	 84 	 6.24934008422489 	 3.9938775198767 	 0.0719941527591668 	 0.0749804927582707 	 7.0900992905916
468 	 86 	 6.2487541150196 	 3.99457644706924 	 0.072 	 0.0749657955213512 	 7.08746922618849
469 	 83 	 6.24065278986486 	 3.99348074898137 	 0.0718869303874584 	 0.0748531167049687 	 7.07875794397278
470 	 82 	 6.24049539959964 	 3.9935814677471 	 0.0718869303874584 	 0.0748599754155311 	 7.07922801917838
471 	 80 	 6.24130694042754 	 3.99322437394131 	 0.0718898501279396 	 0.074873692836656 	 7.08115839987796
472 	 82 	 6.22363671888309 	 3.99098719650842 	 0.0716461557207262 	 0.0746885076514708 	 7.06760414145401
473 	 80 	 6.22427030463379 	 3.9907430298036 	 0.0716490658001625 	 0.0747472965991486 	 7.07359996577623
474 	 80 	 6.2236716975855 	 3.99145111324757 	 0.0716548866682915 	 0.0747394580727916 	 7.07160345334671
475 	 81 	 6.21511126009038 	 3.98998916510247 	 0.0715301190137698 	 0.074618940730052 	 7.06278738191552
476 	 76 	 6.21819860808674 	 3.98817012315158 	 0.0715330246161345 	 0.0746032636773379 	 7.06452425392833
477 	 79 	 6.20963489098844 	 3.98702864380656 	 0.071414063452086 	 0.0744817665188037 	 7.05503839936268
478 	 79 	 6.208755618684 	 3.98759327931145 	 0.071414063452086 	 0.0744886252293661 	 7.05468899618174
479 	 79 	 6.20443891740164 	 3.99036762349494 	 0.071414063452086 	 0.074502342650491 	 7.05108240101165
480 	 82 	 6.20743005182525 	 3.9884448106945 	 0.071414063452086 	 0.0745317371243299 	 7.05726500423718
481 	 82 	 6.20971197439655 	 3.98746509179142 	 0.0714227675306736 	 0.0745173071098999 	 7.05763228633186
482 	 85 	 6.20855204078594 	 3.98804803979917 	 0.0714198659354052 	 0.0745231860046677 	 7.0571573621055
483 	 87 	 6.20747839819841 	 3.98873781074028 	 0.0714198659354052 	 0.0745231860046677 	 7.05593697051643
484 	 83 	 6.18965579793461 	 3.98689435211891 	 0.0711818957461504 	 0.0743416528601715 	 7.0420037873881
485 	 87 	 6.18913026191082 	 3.98739489386379 	 0.0711847879083374 	 0.0743455721233501 	 7.0414910025874
486 	 83 	 6.17906765935606 	 3.98737352927711 	 0.0710686712718407 	 0.0742162364384588 	 7.02927889699596
487 	 86 	 6.1817215978612 	 3.9853377893757 	 0.0710628961482204 	 0.0742406427591614 	 7.03518229307944
488 	 85 	 6.18302849572486 	 3.98449541424407 	 0.0710628961482204 	 0.0742504409171078 	 7.03759831192932
489 	 83 	 6.18283927862918 	 3.98477925803843 	 0.0710657835927025 	 0.0742112482853225 	 7.0333825219967
490 	 81 	 6.18582430414041 	 3.98301820567993 	 0.0710686712718407 	 0.0742112482853225 	 7.03649226296171
491 	 79 	 6.18863642399138 	 3.98120831998047 	 0.0710686712718407 	 0.0742112482853225 	 7.0396911025344
492 	 81 	 6.19037804703322 	 3.98024996566406 	 0.0710715591856638 	 0.074202519017334 	 7.04055784203178
493 	 80 	 6.19042551565368 	 3.98021944482596 	 0.0710715591856638 	 0.0741819428856468 	 7.03865948980362
494 	 81 	 6.18069364508901 	 3.9794869447115 	 0.0709467696058513 	 0.0740653448060857 	 7.02888979151543
495 	 80 	 6.16130179336366 	 3.97829357994171 	 0.0707029662738724 	 0.0738733009103381 	 7.01276757824613
496 	 81 	 6.1635050496254 	 3.97703306932808 	 0.0707058393270755 	 0.0738627010849235 	 7.01398370048405
497 	 84 	 6.16343434198644 	 3.9769170901433 	 0.0707029662738724 	 0.0738450644006201 	 7.01251342592009
498 	 87 	 6.15542954135488 	 3.97522318362862 	 0.070581064607883 	 0.0737392442948 	 7.00544834468062
499 	 84 	 6.16409218894713 	 3.97633109005173 	 0.0707000934541465 	 0.073848003848004 	 7.0138260529164
500 	 84 	 6.17572521969019 	 3.97552228784202 	 0.0708191126279863 	 0.073956763401208 	 7.02558468928281
501 	 80 	 6.1760090009505 	 3.97566268369729 	 0.0708248679398618 	 0.0739263891115745 	 7.02245125982514
502 	 82 	 6.17745978993859 	 3.97489050649331 	 0.0708277459466049 	 0.0739234496641906 	 7.02353618801285
503 	 78 	 6.1792520405551 	 3.97422210013887 	 0.0708363813703975 	 0.0738920955587624 	 7.02173796070228
504 	 80 	 6.1812130187918 	 3.97279982908331 	 0.0708335026618442 	 0.0738911157429678 	 7.02415861609223
505 	 80 	 6.17246929915837 	 3.97206427688504 	 0.0707202080962445 	 0.0737656993212551 	 7.01353494902717
506 	 86 	 6.17188465251524 	 3.97292496451953 	 0.0707288321612943 	 0.0737415602230419 	 7.00972093588101
507 	 90 	 6.15402929937775 	 3.97087396419906 	 0.0704878048780488 	 0.0734711310637238 	 6.98762181733922
508 	 85 	 6.14527452887267 	 3.97013535991698 	 0.0703744359068179 	 0.0733633513263145 	 6.97866927618397
509 	 83 	 6.14498957370343 	 3.97080376627142 	 0.0703830202488412 	 0.0733839274580017 	 6.97945152468346
510 	 89 	 6.1442988134439 	 3.97173465183354 	 0.0703916066853727 	 0.0733301266634602 	 6.97269997221869
511 	 84 	 6.14758156556401 	 3.96977521402738 	 0.070394469296462 	 0.0733340459266387 	 6.9765144736671
512 	 79 	 6.13881033996746 	 3.9685574325871 	 0.0702724684831232 	 0.0732311652682025 	 6.96886488271114
513 	 87 	 6.13093528663237 	 3.96659494269713 	 0.0701476149810906 	 0.0731145671886414 	 6.96121149756968
514 	 87 	 6.13057748602043 	 3.96666514062476 	 0.0701447625243982 	 0.0731400423993018 	 6.96351374793414
515 	 88 	 6.13055319873146 	 3.96684216148575 	 0.0701476149810906 	 0.0731371029519179 	 6.96292315392278
516 	 86 	 6.13325085559833 	 3.96541989043019 	 0.070153320590508 	 0.0731224057149985 	 6.96402080160129
517 	 86 	 6.13364192370816 	 3.96532832791588 	 0.0701561737432894 	 0.0731236527532826 	 6.96430037424546
518 	 86 	 6.13484994612578 	 3.96470875490241 	 0.0701590271281572 	 0.0731177738585148 	 6.96482870574428
519 	 85 	 6.1343541041307 	 3.96502922370248 	 0.0701590271281572 	 0.0731177738585148 	 6.96426578169703
520 	 86 	 6.13501842159858 	 3.96492240076913 	 0.0701647345942648 	 0.0730903390162651 	 6.96184024966925
521 	 87 	 6.13826366276797 	 3.96298737963344 	 0.0701675886755613 	 0.0731109151479524 	 6.96720036015388
522 	 89 	 6.12958054839345 	 3.96169940026553 	 0.0700455580865604 	 0.0729776601998826 	 6.95676261816738
523 	 94 	 6.13125166466267 	 3.96078072303865 	 0.070048407436033 	 0.0729482657260437 	 6.9555734483564
524 	 100 	 6.13616918676221 	 3.95760655587602 	 0.070048407436033 	 0.0729384675680974 	 6.96021711345035
525 	 101 	 6.13656078161297 	 3.95751499336172 	 0.0700512570173298 	 0.0729267097785618 	 6.95925612426171
526 	 98 	 6.11608466214778 	 3.95692899327016 	 0.0698071759824262 	 0.0727454438565551 	 6.94298633180007
527 	 96 	 6.11751569098022 	 3.95584245143372 	 0.0698043363299841 	 0.0727346658828142 	 6.94386438910449
528 	 89 	 6.11918562951342 	 3.95492377420684 	 0.0698071759824262 	 0.0726856750930827 	 6.94079919804114
529 	 88 	 6.11841468465326 	 3.95558302430985 	 0.0698100158659127 	 0.0726895943562612 	 6.94001661271805
530 	 86 	 6.10989617494903 	 3.95417296158953 	 0.0696879703836296 	 0.0725935724083874 	 6.93332049571734
531 	 82 	 6.1009951485873 	 3.95348929481604 	 0.0695744161445195 	 0.0724604956086439 	 6.92180726194236
532 	 85 	 6.10205652346349 	 3.95264081551679 	 0.0695715854998169 	 0.0724467781875191 	 6.92198246516023
533 	 86 	 6.10283877979963 	 3.9521341696043 	 0.0695715854998169 	 0.0724369800295728 	 6.92193353987397
534 	 86 	 6.09548203192538 	 3.95012284637336 	 0.0694523557653186 	 0.0722674718971017 	 6.9092519422764
535 	 83 	 6.08568307963051 	 3.94985121091425 	 0.0693359375 	 0.072149894001746 	 6.89848509539509
536 	 82 	 6.08769809450655 	 3.94838315860154 	 0.0693331163282744 	 0.0721293178700588 	 6.89908194598588
537 	 80 	 6.09013015102084 	 3.94696699171359 	 0.0693359375 	 0.0720871857908897 	 6.89752599978695
538 	 83 	 6.0907170738927 	 3.94674724167926 	 0.0693387589013225 	 0.0720577913170507 	 6.89509733433371
539 	 83 	 6.11224834139094 	 3.94669230417067 	 0.0695829094608342 	 0.0722841287656104 	 6.91685149118367
540 	 80 	 6.10306370917986 	 3.94569732484854 	 0.0694608341810783 	 0.0721714499492279 	 6.90781077235466
541 	 81 	 6.09523736465397 	 3.94382029330525 	 0.0693387589013225 	 0.0720440738959259 	 6.89890103177186
542 	 81 	 6.08593543882671 	 3.94273375146882 	 0.0692138671875 	 0.0719343345269273 	 6.89029075884338
543 	 83 	 6.06749347394364 	 3.94108867829511 	 0.068975339790022 	 0.0717375697005328 	 6.87431172431721
544 	 80 	 6.05813639030304 	 3.94035007401303 	 0.0688560615309486 	 0.0716092138314362 	 6.86329817656535
545 	 79 	 6.05902589821309 	 3.93993193853103 	 0.0688588637473547 	 0.0715896175155436 	 6.8621481774244
546 	 80 	 6.03864864429911 	 3.93920859466801 	 0.0686146833794563 	 0.071371118593341 	 6.84246041868174
547 	 77 	 6.01905448784525 	 3.93780768819912 	 0.068367720669027 	 0.071153599486933 	 6.82403336369068
548 	 79 	 6.01959804340414 	 3.93761235483526 	 0.0683705030115579 	 0.0711516398553437 	 6.8241839348122
549 	 79 	 6.00957775251039 	 3.937294938119 	 0.06825119042774 	 0.0710389610389612 	 6.81392614237213
550 	 81 	 6.00734961690967 	 3.93891559462223 	 0.0682539682539682 	 0.0710399408547558 	 6.81121651376573
551 	 78 	 6.00748953599737 	 3.93914450090799 	 0.0682595245848258 	 0.0710360215915773 	 6.81044495749503
552 	 79 	 5.99756984594454 	 3.93860122998978 	 0.0681374145229567 	 0.0709302014857572 	 6.80123765314745
553 	 76 	 5.99646856442793 	 3.9393245738528 	 0.0681374145229567 	 0.0709233427751948 	 6.79933126519461
554 	 75 	 5.99634815570436 	 3.93972439683194 	 0.0681429618171456 	 0.0709076657224807 	 6.79713844826603
555 	 75 	 5.99505295311159 	 3.94089639701506 	 0.0681485100146556 	 0.0708851299592042 	 6.79295740448629
556 	 79 	 5.99603742117716 	 3.9402493552473 	 0.0681485100146556 	 0.0708851299592042 	 6.79407289915961
557 	 78 	 5.9872210971341 	 3.93897968838224 	 0.0680263800683928 	 0.0707793098533841 	 6.78611713138366
558 	 77 	 5.9894557830396 	 3.93767034442766 	 0.0680291495338517 	 0.0707734309586163 	 6.78780979450864
559 	 79 	 5.98039000382555 	 3.93655938592074 	 0.0679070146154786 	 0.0706774090107425 	 6.78051345126941
560 	 79 	 5.98081427466525 	 3.93611988585207 	 0.0679042501221299 	 0.0706803484581264 	 6.78155258175106
561 	 75 	 5.9721133440989 	 3.93540569824047 	 0.0677931596091205 	 0.0704853651149949 	 6.7640718599524
562 	 72 	 5.96458599894895 	 3.9335927604572 	 0.0676765208893232 	 0.0703932624302997 	 6.75834669162502
563 	 76 	 5.94563164451327 	 3.93220711440736 	 0.0674376934354129 	 0.0701520495964942 	 6.73756159703061
564 	 74 	 5.92404567660833 	 3.9323963436036 	 0.0671960904092853 	 0.0699266919637292 	 6.71559456613384
565 	 75 	 5.9247906267271 	 3.93190190602634 	 0.0671960904092853 	 0.0698992571214795 	 6.71380394484384
566 	 75 	 5.92522509674642 	 3.93177371850631 	 0.0671988270750183 	 0.069913954358399 	 6.7154345463137
567 	 73 	 5.9261175386025 	 3.93118161424713 	 0.0671988270750183 	 0.0699208130689614 	 6.7171049053645
568 	 75 	 5.92586449943308 	 3.93134947885669 	 0.0671988270750183 	 0.0699208130689614 	 6.71681809184197
569 	 75 	 5.92793749513363 	 3.93013474950022 	 0.0672015639636704 	 0.069921792884756 	 6.71898828497876
570 	 74 	 5.92924206131912 	 3.92975018694013 	 0.0672097759674134 	 0.069907362870326 	 6.71825904267965
571 	 71 	 5.93139997001385 	 3.92848052007508 	 0.0672125137480142 	 0.0699142215808884 	 6.72108970411046
572 	 75 	 5.93119983731211 	 3.92845305132079 	 0.0672097759674134 	 0.069925979370424 	 6.72226702352927
573 	 76 	 5.91013888393951 	 3.9282760304598 	 0.0669681046071123 	 0.069689843763918 	 6.69986825745636
574 	 75 	 5.90874585058209 	 3.92904210349616 	 0.0669653767820774 	 0.0696957226586858 	 6.69912701409684
575 	 74 	 5.90901468253436 	 3.92870332219323 	 0.0669626491792595 	 0.0696878841323288 	 6.69895119431628
576 	 80 	 5.91076878336813 	 3.92753742617772 	 0.0669626491792595 	 0.0696976822902751 	 6.70188194523586
577 	 81 	 5.90933144569043 	 3.92849272841032 	 0.0669626491792595 	 0.0697074804482214 	 6.70119415743688
578 	 82 	 5.93101619736036 	 3.92825466587312 	 0.0672043010752688 	 0.0699279390020133 	 6.7227949095277
579 	 76 	 5.92200315076859 	 3.92740008240626 	 0.0670875763747454 	 0.0698240785277824 	 6.71427055342775
580 	 76 	 5.92129450582422 	 3.92787010331304 	 0.0670875763747454 	 0.0698377959489072 	 6.71478601020152
581 	 76 	 5.9324185518075 	 3.92780600955302 	 0.0672125137480142 	 0.0699632123706199 	 6.72695435546005
582 	 74 	 5.90022954078369 	 3.92769308245204 	 0.0668459000366614 	 0.0696477116847489 	 6.69681154080558
583 	 79 	 5.9011944248278 	 3.92721085321003 	 0.066848623105752 	 0.0696418327899811 	 6.6970685135886
584 	 81 	 5.8921306444974 	 3.92590150925544 	 0.0667236954662104 	 0.0695477704736966 	 6.69025361347522
585 	 80 	 5.88407469452302 	 3.92407636313693 	 0.0666014908957595 	 0.0694371403630664 	 6.68271816796006
586 	 76 	 5.8757734922988 	 3.92240992537655 	 0.0664792863253086 	 0.0693038854149967 	 6.67272725081155
587 	 74 	 5.86667972872052 	 3.92126844603153 	 0.0663570817548576 	 0.0691980653091766 	 6.66447812504339
588 	 72 	 5.86645297455469 	 3.92157975858017 	 0.0663597849111944 	 0.0691588726773914 	 6.66017471917607
589 	 71 	 5.86806662833526 	 3.92066108135329 	 0.0663624882877745 	 0.0691265387561686 	 6.65862074261159
590 	 71 	 5.87014270386435 	 3.91943414366159 	 0.0663651918846248 	 0.0691314378351417 	 6.66117720589318
591 	 69 	 5.87185876265052 	 3.91844832059088 	 0.0663678957017723 	 0.0691255589403739 	 6.66228645367731
592 	 73 	 5.87130540951658 	 3.91881762273192 	 0.0663678957017723 	 0.0691353570983202 	 6.66260286461698
593 	 74 	 5.87112707825151 	 3.91893665400052 	 0.0663678957017723 	 0.0691157607824276 	 6.66051205130958
594 	 73 	 5.87090138281749 	 3.91940667490729 	 0.0663733039970664 	 0.0690991039139189 	 6.65810832505561
595 	 76 	 5.87173797893387 	 3.91932732072823 	 0.0663814180929095 	 0.0690628507295176 	 6.65474985105001
596 	 76 	 5.86326817795129 	 3.91792031009172 	 0.0662618688618118 	 0.0689864250975364 	 6.6497728603782
597 	 73 	 5.85409207441579 	 3.91682155992004 	 0.0661396144912181 	 0.0688757059127431 	 6.64096276933298
598 	 74 	 5.85327109208114 	 3.91737093500588 	 0.0661396144912181 	 0.0688659077547968 	 6.63908683441864
599 	 74 	 5.83365171347238 	 3.91617451815227 	 0.0658977911810253 	 0.0686758234906385 	 6.62278425632083
600 	 75 	 5.83600318909909 	 3.91459659082238 	 0.0658977911810253 	 0.0686758234906385 	 6.62545382189049
601 	 76 	 5.83560735358417 	 3.91486212211387 	 0.0658977911810253 	 0.0686689647800761 	 6.62434279612076
602 	 74 	 5.81440842431897 	 3.91471562209098 	 0.0656559481599217 	 0.0684494860420788 	 6.60341727863786
603 	 77 	 5.80540941332583 	 3.91348258023165 	 0.0655336838244284 	 0.068353464094205 	 6.59623156284632
604 	 74 	 5.80682689112973 	 3.91252727799905 	 0.0655336838244284 	 0.068353464094205 	 6.59784213174233
605 	 76 	 5.79748116084682 	 3.91152314242549 	 0.0654114194889351 	 0.068226088040903 	 6.58723770351075
606 	 75 	 5.79700838177611 	 3.91216102794183 	 0.0654167515793764 	 0.0682035522776265 	 6.58398816539251
607 	 71 	 5.78746417269703 	 3.9112881319721 	 0.0652944772773589 	 0.0680781358559138 	 6.57334783780447
608 	 76 	 5.75746270021589 	 3.90974072548032 	 0.0649303008070433 	 0.0677316373612672 	 6.54247972658021
609 	 76 	 5.75902903601553 	 3.90899601703063 	 0.0649355943257786 	 0.0677179199401423 	 6.5424008687739
610 	 77 	 5.77033158306243 	 3.90900517328206 	 0.0650631879331431 	 0.0677865070457665 	 6.54901190378478
611 	 79 	 5.77105253318549 	 3.90851683987242 	 0.0650631879331431 	 0.0677933657563289 	 6.55049286163719
612 	 77 	 5.77099939443773 	 3.90871217323628 	 0.0650658404337723 	 0.0677806281509987 	 6.54893480645713
613 	 77 	 5.76993711987743 	 3.90959117337362 	 0.0650684931506849 	 0.0677678905456685 	 6.54623197294614
614 	 75 	 5.76146620080945 	 3.90797967312182 	 0.0649461839530333 	 0.0676689291504108 	 6.53936798764115
615 	 77 	 5.76267322835669 	 3.90732042301882 	 0.0649488318995393 	 0.0676561915450806 	 6.5392401812752
616 	 81 	 5.76127815204356 	 3.90826656899998 	 0.0649488318995393 	 0.067663050255643 	 6.53831986830234
617 	 77 	 5.76274163875646 	 3.90743335011979 	 0.064951480061975 	 0.0676679493346162 	 6.54018759773341
618 	 75 	 5.76474089121219 	 3.90607822490806 	 0.064951480061975 	 0.0676679493346162 	 6.54245656742446
619 	 74 	 5.76417061222987 	 3.90678325626822 	 0.0649567770347415 	 0.0676542319134913 	 6.53994986787261
620 	 74 	 5.75406966188751 	 3.90611179782997 	 0.0648318042813456 	 0.0675346943865464 	 6.52951672891406
621 	 75 	 5.75408682797454 	 3.9059408811366 	 0.0648291608904836 	 0.067554290702439 	 6.53169717928535
622 	 71 	 5.75483177839403 	 3.90511681850784 	 0.0648238747553816 	 0.0675688988651953 	 6.53448823998975
623 	 73 	 5.73518629773963 	 3.90370675578751 	 0.0645792563600783 	 0.0673494201271981 	 6.51561543962145
624 	 74 	 5.73431274693329 	 3.90446062048864 	 0.0645818893464345 	 0.0673396219692518 	 6.51340969425965
625 	 72 	 5.72504680604704 	 3.90369149536846 	 0.0644648318042814 	 0.0672181248107176 	 6.50293889875311
626 	 73 	 5.71739791478493 	 3.90165575546705 	 0.0643451312999511 	 0.0670780111520854 	 6.49276968748214
627 	 75 	 5.70873933485808 	 3.90030368233912 	 0.0642254210333157 	 0.0669594534409351 	 6.48354077100063
628 	 75 	 5.70895873337834 	 3.90031283859055 	 0.0642280401272327 	 0.0669663121514975 	 6.48418966317103
629 	 75 	 5.71016518371365 	 3.89948877596179 	 0.0642280401272327 	 0.0669467158356049 	 6.48366207389591
630 	 74 	 5.69061281188173 	 3.89813975491767 	 0.063985971208352 	 0.0666743270446976 	 6.45951639560937
631 	 74 	 5.69189663152988 	 3.89741946313846 	 0.0639885807504078 	 0.0666596298077781 	 6.45928603970903
632 	 73 	 5.68380030450062 	 3.89582627538952 	 0.0638714413899992 	 0.0665332335702708 	 6.44967480423308
633 	 75 	 5.68546636560865 	 3.89484350440263 	 0.0638740465799241 	 0.0665410720966278 	 6.45206227782383
634 	 75 	 5.68701721716373 	 3.89378137923667 	 0.0638740465799241 	 0.0665606684125204 	 6.45572288512692
635 	 74 	 5.67724853117496 	 3.89316791039082 	 0.0637542829172785 	 0.066445050148754 	 6.44552456171059
636 	 73 	 5.66761800723438 	 3.89229806650491 	 0.0636319138521782 	 0.0663323713323715 	 6.43603210672807
637 	 72 	 5.66933397731437 	 3.89111996215416 	 0.0636319138521782 	 0.0663323713323715 	 6.43798072756224
638 	 73 	 5.66018071512828 	 3.8897587327748 	 0.0635069543582004 	 0.0662324301213192 	 6.4305303846634
639 	 73 	 5.65092408349531 	 3.88878206595553 	 0.0633871757219775 	 0.0661275898312937 	 6.42196387325958
640 	 73 	 5.65182898649909 	 3.88815944085825 	 0.0633871757219775 	 0.0661138724101689 	 6.42165986851858
641 	 75 	 5.63109042446571 	 3.88725297196661 	 0.0631398621364767 	 0.0659179092512427 	 6.40411893821456
642 	 75 	 5.63183771673151 	 3.88673716980268 	 0.0631398621364767 	 0.0659041918301179 	 6.40363595305329
643 	 73 	 5.63268667180344 	 3.88630987806925 	 0.0631424375917768 	 0.0659179092512427 	 6.40567303083148
644 	 73 	 5.63262890647073 	 3.88650826351692 	 0.0631450132571895 	 0.065912030356475 	 6.40477479413008
645 	 74 	 5.6227594480789 	 3.88578491965389 	 0.0630226392004895 	 0.0658062102506548 	 6.39568243232855
646 	 73 	 5.62311690078438 	 3.8856964092234 	 0.0630252100840336 	 0.0658071900664495 	 6.3959233466586
647 	 78 	 5.62269266152313 	 3.88614811762731 	 0.0630277811773345 	 0.0657728965136374 	 6.39184724641491
648 	 75 	 5.6228651562134 	 3.88587037800058 	 0.0630252100840336 	 0.0657591790925126 	 6.39097093681487
649 	 73 	 5.63346450672805 	 3.88624883639305 	 0.0631501652184555 	 0.0658463826982347 	 6.3988228346519
650 	 74 	 5.62381424112686 	 3.88553159669765 	 0.0630303524804178 	 0.0657346836976468 	 6.38914731451055
651 	 73 	 5.62460478345604 	 3.88514398205375 	 0.0630329239933091 	 0.0657493809345663 	 6.39121340452552
652 	 76 	 5.62521461167872 	 3.88472279448794 	 0.0630329239933091 	 0.06573958277662 	 6.39095380973462
653 	 75 	 5.62520135313734 	 3.88473195073937 	 0.0630329239933091 	 0.06573958277662 	 6.39093874635813
654 	 78 	 5.60415250871021 	 3.88433823192785 	 0.0627906976744186 	 0.0655279425649798 	 6.37100963709993
655 	 75 	 5.60450920781685 	 3.88409101313922 	 0.0627906976744186 	 0.0655083462490871 	 6.36950975629607
656 	 77 	 5.60416539792859 	 3.88448778403455 	 0.0627932596189155 	 0.0654985480911408 	 6.36790656178163
657 	 77 	 5.6060378032372 	 3.88303194005707 	 0.0627906976744186 	 0.0654975682753462 	 6.37019875077537
658 	 76 	 5.60554873821417 	 3.88337072136001 	 0.0627906976744186 	 0.0654877701173999 	 6.36869014959587
659 	 75 	 5.60519669374207 	 3.88345617970669 	 0.0627881359389662 	 0.0655073664332925 	 6.37045570295552
660 	 72 	 5.61442829408976 	 3.88478688824795 	 0.0629130966952264 	 0.0656141663549073 	 6.37865605817612
661 	 72 	 5.61495766124011 	 3.88442063819072 	 0.0629130966952264 	 0.0656004489337824 	 6.3779238224314
662 	 72 	 5.61560663358174 	 3.88381327351249 	 0.0629105299661376 	 0.06559359022322 	 6.37825429101145
663 	 68 	 5.61598617798785 	 3.88355079430481 	 0.0629105299661376 	 0.0656073076443448 	 6.38001933910296
664 	 74 	 5.61472858214659 	 3.88442063819072 	 0.0629105299661376 	 0.0656073076443448 	 6.37859065221989
665 	 72 	 5.6168108405266 	 3.88329747134856 	 0.0629156636337672 	 0.0655700746441489 	 6.37681455303646
666 	 73 	 5.59572121337592 	 3.88260770040745 	 0.0626682986536108 	 0.0653643133272764 	 6.35793320162061
667 	 73 	 5.60510380724337 	 3.88367898182484 	 0.0627906976744186 	 0.0654573958277663 	 6.36523097826775
668 	 67 	 5.60719206648333 	 3.88239100245693 	 0.0627932596189155 	 0.0654377995118737 	 6.36543641335547
669 	 71 	 5.60760204142909 	 3.88210715866258 	 0.0627932596189155 	 0.0654280013539274 	 6.36494864634743
670 	 74 	 5.59834409561159 	 3.88078865845656 	 0.0626682986536108 	 0.0653074840111879 	 6.35538302342737
671 	 77 	 5.59964266158588 	 3.88004700209068 	 0.0626708556040638 	 0.0653212014323127 	 6.35793299384184
672 	 77 	 5.5994483039426 	 3.88034000213646 	 0.0626734127631794 	 0.0653319794060536 	 6.35850189092309
673 	 75 	 5.59884498677299 	 3.88075813761846 	 0.0626734127631794 	 0.0653221812481073 	 6.35686327587793
674 	 79 	 5.59896881823361 	 3.88051397091364 	 0.0626708556040638 	 0.0653251206954912 	 6.35754932942764
675 	 80 	 5.59903047036147 	 3.8804712417403 	 0.0626708556040638 	 0.0653055243795986 	 6.35571216750466
676 	 77 	 5.60081395427509 	 3.87939385615529 	 0.0626734127631794 	 0.0652957262216523 	 6.35652342807022
677 	 77 	 5.59991904165868 	 3.8801721375269 	 0.062675970130983 	 0.0652829886163221 	 6.35400868829329
678 	 80 	 5.60050934846027 	 3.87976315829633 	 0.062675970130983 	 0.065312383090161 	 6.3575397589487
679 	 83 	 5.60213931747046 	 3.87879259564468 	 0.0626785277075002 	 0.0653074840111879 	 6.35865356274999
680 	 77 	 5.60249136479083 	 3.87870713729799 	 0.0626810854927566 	 0.0653016051164201 	 6.35822125064939
681 	 81 	 5.61419799454534 	 3.87817912679882 	 0.0628035094878596 	 0.065383909643169 	 6.36710175233873
682 	 78 	 5.61408312080107 	 3.87825848097789 	 0.0628035094878596 	 0.0653907683537314 	 6.36763936252387
683 	 75 	 5.61597471780429 	 3.87695218910711 	 0.0628035094878596 	 0.0654005665116777 	 6.37073931020623
684 	 71 	 5.61685907870544 	 3.87634177234507 	 0.0628035094878596 	 0.0654005665116777 	 6.37174252568359
685 	 75 	 5.61616411252742 	 3.8769796578614 	 0.0628060724779628 	 0.0653976270642939 	 6.37040784024467
686 	 75 	 5.61691214921669 	 3.87630514733935 	 0.0628035094878596 	 0.0653888087221422 	 6.37065719859112
687 	 81 	 5.60881500830781 	 3.87449220955607 	 0.0626836434867777 	 0.0652839684321167 	 6.36341904326248
688 	 77 	 5.60877966232763 	 3.87451662622656 	 0.0626836434867777 	 0.065293766590063 	 6.36433399092022
689 	 74 	 5.6108172015212 	 3.87310961559004 	 0.0626836434867777 	 0.065293766590063 	 6.3666460054275
690 	 75 	 5.61053866523812 	 3.87330189687009 	 0.0626836434867777 	 0.0652731904583758 	 6.36432371574787
691 	 78 	 5.61212084363311 	 3.87236795922416 	 0.062686201689589 	 0.0652771097215543 	 6.36624089483683
692 	 77 	 5.62186080483377 	 3.87368340734637 	 0.0628163265306122 	 0.065357454616714 	 6.37191209614225
693 	 79 	 5.62478993495099 	 3.87245646965466 	 0.0628291488058788 	 0.0653163023533395 	 6.36991761401007
694 	 79 	 5.61609713967409 	 3.87073204230188 	 0.0627041149575441 	 0.0652124418791087 	 6.36262202088891
695 	 81 	 5.63674421128388 	 3.87193456332311 	 0.0629541928635584 	 0.0654329895070637 	 6.38215757953872
696 	 76 	 5.63793872897733 	 3.87127226113629 	 0.0629567631568203 	 0.065408494112198 	 6.38085982358553
697 	 73 	 5.63891677908553 	 3.87060080269804 	 0.0629567631568203 	 0.065408494112198 	 6.38196675307535
698 	 77 	 5.62782729824547 	 3.87052450060279 	 0.0628317138891157 	 0.0652781786115121 	 6.36937731125268
699 	 71 	 5.60799811193594 	 3.86938302125776 	 0.0625918667319941 	 0.0650782961894074 	 6.35174744708317
700 	 72 	 5.619091292656 	 3.86945932335302 	 0.0627169164182761 	 0.0651419842160584 	 6.35783812890935
701 	 72 	 5.60994181349761 	 3.86851622945566 	 0.0625995344848708 	 0.0650420430050061 	 6.3496314768908
702 	 68 	 5.60057511659767 	 3.86756092722306 	 0.0624795818360013 	 0.0649567990308732 	 6.34287598987929
703 	 65 	 5.60139835199493 	 3.86746631262494 	 0.0624872370839289 	 0.0649166265832934 	 6.33910832413304
704 	 66 	 5.59286482952704 	 3.86577240611027 	 0.0623647130896467 	 0.0648108064774733 	 6.33154813771851
705 	 66 	 5.59320689305511 	 3.86585176028934 	 0.062369807621615 	 0.064816685372241 	 6.3319924841013
706 	 66 	 5.59402394055923 	 3.86528712478445 	 0.062369807621615 	 0.064816685372241 	 6.33291745232689
707 	 67 	 5.59419743405991 	 3.86500938515772 	 0.0623672602515929 	 0.0648294229775712 	 6.33461715365178
708 	 71 	 5.59531278854259 	 3.86455462466999 	 0.0623723551997386 	 0.0648296011258975 	 6.3353799874129
709 	 72 	 5.59691422839347 	 3.86329106197256 	 0.062369807621615 	 0.0648188231521566 	 6.33639848718506
710 	 74 	 5.60612083191571 	 3.86452410383189 	 0.0624923416248009 	 0.0649256230737714 	 6.3448137038611
711 	 74 	 5.60553966484845 	 3.86508263516916 	 0.0624948942079895 	 0.0649099460210572 	 6.34236502587803
712 	 73 	 5.59544854521484 	 3.86461871843001 	 0.0623749029859891 	 0.0648168635205674 	 6.33403017307211
713 	 74 	 5.58576569650035 	 3.86371224953837 	 0.0622523589722642 	 0.0646963461778278 	 6.32373625283131
714 	 75 	 5.5747512153867 	 3.86388316623174 	 0.0621323529411765 	 0.064563091229758 	 6.31043211386992
715 	 70 	 5.57453670791399 	 3.86387400998031 	 0.0621298149585393 	 0.0645425150980708 	 6.30843594053335
716 	 69 	 5.57536777351177 	 3.86345587449831 	 0.0621323529411765 	 0.0645082215452587 	 6.30576645073065
717 	 70 	 5.57553204057051 	 3.8631842390392 	 0.0621298149585393 	 0.0645434949138654 	 6.30965809584495
718 	 66 	 5.57686569689948 	 3.86241816600284 	 0.0621323529411765 	 0.064563091229758 	 6.31282563629395
719 	 72 	 5.57813515591645 	 3.86153916586549 	 0.0621323529411765 	 0.0645728893877043 	 6.31522088016485
720 	 72 	 5.57855843736132 	 3.86124616581971 	 0.0621323529411765 	 0.0645532930718117 	 6.31378343054612
721 	 71 	 5.57743288059021 	 3.86218315554945 	 0.0621348911311737 	 0.0645503536244278 	 6.31196423762527
722 	 71 	 5.57844680299944 	 3.8614811762731 	 0.0621348911311737 	 0.0645405554664815 	 6.31215341753749
723 	 70 	 5.55774136279752 	 3.86057775946527 	 0.0618897830793742 	 0.0643347941496091 	 6.29350208585292
724 	 70 	 5.54773592233189 	 3.85988188435654 	 0.0617672290534744 	 0.0642191758858427 	 6.28332439646749
725 	 72 	 5.54873627093621 	 3.85918600924781 	 0.0617672290534744 	 0.0642093777278964 	 6.28349854086686
726 	 74 	 5.53923824039084 	 3.85813304033329 	 0.0616446750275747 	 0.0641035576220763 	 6.27485511464823
727 	 78 	 5.53910084054603 	 3.85838636328954 	 0.0616471933981534 	 0.0640878805693622 	 6.27290867134026
728 	 79 	 5.53904826217383 	 3.85842298829526 	 0.0616471933981534 	 0.0640947392799246 	 6.27352045031933
729 	 72 	 5.53866709882488 	 3.85868851958675 	 0.0616471933981534 	 0.0641045374378709 	 6.27404771169849
730 	 69 	 5.53842331406676 	 3.85870072792199 	 0.0616446750275747 	 0.0640966989115139 	 6.27326069072271
731 	 71 	 5.53957409081779 	 3.85805673823803 	 0.0616471933981534 	 0.0641045374378709 	 6.2750751269477
732 	 73 	 5.51991144868616 	 3.85671992552916 	 0.0614070926621997 	 0.0638135321468656 	 6.24875434185203
733 	 66 	 5.51124209285979 	 3.85570663370416 	 0.061294540699575 	 0.0636734184882335 	 6.23667270634107
734 	 70 	 5.51088166534059 	 3.85580124830228 	 0.06129203612144 	 0.0636694992250549 	 6.23613579545911
735 	 68 	 5.49039930390931 	 3.85501991484686 	 0.0610518573004781 	 0.0634470810396738 	 6.21561047449954
736 	 71 	 5.48977343015176 	 3.85545941491553 	 0.0610518573004781 	 0.0634372828817275 	 6.21394216108831
737 	 73 	 5.49019066346759 	 3.85516641486975 	 0.0610518573004781 	 0.0634167067500402 	 6.21239876290528
738 	 69 	 5.49211859597737 	 3.85365563338369 	 0.0610493625367767 	 0.063449040671263 	 6.21800298532909
739 	 69 	 5.50145372602139 	 3.85468418562774 	 0.0611694520491971 	 0.0635548607770832 	 6.22671142274529
740 	 66 	 5.49255795502483 	 3.85334737291886 	 0.0610493625367767 	 0.0634715764345395 	 6.22070909415933
741 	 68 	 5.49328357735958 	 3.85331074791314 	 0.0610568474396175 	 0.0634765645876759 	 6.22125710337266
742 	 69 	 5.49304863051047 	 3.85347556043889 	 0.0610568474396175 	 0.0634697058771134 	 6.22031883649321
743 	 69 	 5.48280441713506 	 3.85292313326924 	 0.0609342433282929 	 0.0633932802451322 	 6.21371956558868
744 	 70 	 5.48290774526536 	 3.85332295624838 	 0.0609417150331072 	 0.0633668252186772 	 6.21048201134307
745 	 69 	 5.48306148734052 	 3.85305742495689 	 0.0609392242612498 	 0.0633560472449363 	 6.20985359832363
746 	 70 	 5.48512782564329 	 3.85176334142136 	 0.0609417150331072 	 0.0633364509290437 	 6.21001855198445
747 	 71 	 5.4761115297251 	 3.85049977872392 	 0.0608215818516248 	 0.0632257317442504 	 6.20119703587431
748 	 74 	 5.46657071795284 	 3.84975812235804 	 0.0607039202060254 	 0.0630905171645914 	 6.18912725942783
749 	 68 	 5.46705182218866 	 3.84941934105511 	 0.0607039202060254 	 0.063083658454029 	 6.18899906170452
750 	 65 	 5.45724280228754 	 3.84870515344351 	 0.0605837625705175 	 0.0629513833217538 	 6.1771678969702
751 	 63 	 5.45892881707856 	 3.84735918448321 	 0.060581286023791 	 0.0629709796376464 	 6.18125251250368
752 	 62 	 5.45912142142154 	 3.84706618443742 	 0.0605788096795291 	 0.062964120927084 	 6.18104998411294
753 	 64 	 5.45930993041309 	 3.84709060110791 	 0.060581286023791 	 0.0629611814797001 	 6.18072219700917
754 	 65 	 5.45916496877972 	 3.84735002823178 	 0.0605837625705175 	 0.0629651007428786 	 6.18069014751668
755 	 63 	 5.45051165769858 	 3.84581483007523 	 0.0604635951105842 	 0.0628387045053713 	 6.17074531744537
756 	 69 	 5.4507562865335 	 3.84611393428864 	 0.0604710115299697 	 0.0628363885771294 	 6.17003802562811
757 	 70 	 5.45179682323621 	 3.8455370904485 	 0.0604734840740892 	 0.0627873977873979 	 6.16615232167836
758 	 66 	 5.44269091414415 	 3.84415754856628 	 0.0603508198061905 	 0.0626845171289617 	 6.15825794036722
759 	 68 	 5.44419935403909 	 3.84340673594897 	 0.0603557554692292 	 0.0626374859708194 	 6.15483961918852
760 	 71 	 5.43547998491833 	 3.84159074608189 	 0.0602306182531894 	 0.0625571410756597 	 6.14985059955786
761 	 71 	 5.4358513930305 	 3.84132826687421 	 0.0602306182531894 	 0.0625375447597671 	 6.14834421985762
762 	 68 	 5.42591854353619 	 3.84052251674831 	 0.060107948969578 	 0.0624150677854383 	 6.13759037362577
763 	 66 	 5.42557360494435 	 3.84076668345313 	 0.060107948969578 	 0.062405269627492 	 6.13623675101251
764 	 67 	 5.42608832246838 	 3.84087350638649 	 0.060115323273218 	 0.0624023301801081 	 6.13577706473751
765 	 66 	 5.42620043021675 	 3.84079415220742 	 0.060115323273218 	 0.0623954714695457 	 6.13522943116036
766 	 66 	 5.42556641760341 	 3.84155717315998 	 0.0601202404809619 	 0.0623954714695457 	 6.13401083453568
767 	 69 	 5.42798140869229 	 3.83984800622625 	 0.0601202404809619 	 0.0623817540484208 	 6.13539202298267
768 	 72 	 5.42720061396566 	 3.8404004333959 	 0.0601202404809619 	 0.0624091888906705 	 6.13720736292995
769 	 71 	 5.42933795026424 	 3.83935967281662 	 0.0601276178010471 	 0.0624062494432866 	 6.13858187793103
770 	 71 	 5.42960555736101 	 3.83917044362038 	 0.0601276178010471 	 0.062386653127394 	 6.13695675916834
771 	 71 	 5.42985592336709 	 3.83899342275939 	 0.0601276178010471 	 0.0624160476012329 	 6.14013140113333
772 	 74 	 5.42104959838909 	 3.83769628714004 	 0.0600098175570645 	 0.0623268843639215 	 6.13343242575022
773 	 72 	 5.39967452787697 	 3.83697294327702 	 0.0597619339796294 	 0.0620946680205941 	 6.11173256063995
774 	 75 	 5.42069420951803 	 3.83779090173816 	 0.0600073628666094 	 0.0622906311795202 	 6.12971371875032
775 	 72 	 5.42218371008587 	 3.83689358909796 	 0.0600098175570645 	 0.0623004293374665 	 6.13211165416473
776 	 67 	 5.40115352357952 	 3.83639304735308 	 0.0597692685321551 	 0.0620574350203981 	 6.10899113814799
777 	 67 	 5.39935611797962 	 3.83751316211143 	 0.0597668234812845 	 0.0620397983360947 	 6.10547234701573
778 	 66 	 5.3997751439962 	 3.83705840162371 	 0.0597643786304508 	 0.0620260809149699 	 6.10484583395515
779 	 68 	 5.40032067735983 	 3.83667078697981 	 0.0597643786304508 	 0.0620162827570236 	 6.10449812995654
780 	 68 	 5.39041952575349 	 3.83582535976438 	 0.0596416591671439 	 0.0619300589670961 	 6.09735437374967
781 	 68 	 5.3918052421253 	 3.83483953669368 	 0.0596416591671439 	 0.0619006644932572 	 6.09602703069054
782 	 69 	 5.38308021184461 	 3.83315173434663 	 0.059518939703837 	 0.0617850462294908 	 6.08732002300738
783 	 69 	 5.37336187026008 	 3.83248027590838 	 0.0594010800196367 	 0.0616263160707606 	 6.07274503789238
784 	 68 	 5.37523681399595 	 3.8311434631995 	 0.0594010800196367 	 0.0616361142287069 	 6.07582988091011
785 	 68 	 5.37558220796492 	 3.83074058813655 	 0.0593986500306811 	 0.0616223968075821 	 6.07511652160621
786 	 69 	 5.3534259839069 	 3.83085656732134 	 0.0591556210112911 	 0.0614313327276291 	 6.05609689050514
787 	 70 	 5.35513118266348 	 3.8299500984297 	 0.0591604615006955 	 0.0614411308855754 	 6.058496403976
788 	 65 	 5.35604173951541 	 3.82945566085245 	 0.0591628820424696 	 0.061445050148754 	 6.05966515746144
789 	 65 	 5.34675059115696 	 3.8283080773398 	 0.0590425531914894 	 0.0613215933586305 	 6.0493027518144
790 	 69 	 5.33629120404708 	 3.82799371270735 	 0.058922214493228 	 0.0611814796999983 	 6.0359763540016
791 	 69 	 5.33689835929017 	 3.82740160844817 	 0.0589198036006547 	 0.0611814796999983 	 6.03691012779207
792 	 71 	 5.3374218742093 	 3.82702620213951 	 0.0589198036006547 	 0.061201076015891 	 6.03943611023171
793 	 70 	 5.32828669221321 	 3.82560087900014 	 0.05879705400982 	 0.0610785990415621 	 6.02959549410935
794 	 73 	 5.3292889337235 	 3.8247249309466 	 0.0587946483368111 	 0.0610678210678212 	 6.02991217666791
795 	 69 	 5.31963075174858 	 3.82351325367395 	 0.0586695033139678 	 0.060954162435644 	 6.02059671474991
796 	 70 	 5.32032195367418 	 3.82286010773856 	 0.0586671030560897 	 0.0609571018830279 	 6.02191573615172
797 	 69 	 5.32096019009805 	 3.82255795144135 	 0.0586695033139678 	 0.060954162435644 	 6.02210133274557
798 	 68 	 5.32181526908005 	 3.82210013886981 	 0.0586719037682583 	 0.0609345661197514 	 6.02088636899005
799 	 67 	 5.31164363490187 	 3.82125165957057 	 0.0585467637672858 	 0.0608248267507528 	 6.01137761006212
800 	 62 	 5.31223340501889 	 3.82082741992095 	 0.0585467637672858 	 0.0608248267507528 	 6.01204507405637
801 	 65 	 5.30227499192542 	 3.82013459689603 	 0.0584264146311526 	 0.0607366433292361 	 6.00441762094752
802 	 63 	 5.30267411443488 	 3.82000335729219 	 0.0584288052373159 	 0.0607435020397985 	 6.00530198267876
803 	 65 	 5.30297406284661 	 3.81963100306734 	 0.0584264146311526 	 0.0607533001977448 	 6.00685617809133
804 	 71 	 5.29291606572332 	 3.81884966961193 	 0.0583036700625997 	 0.0606376819339784 	 5.99665132165302
805 	 70 	 5.27191518920721 	 3.81791878404981 	 0.0580581809254941 	 0.0604064454064455 	 5.97524014212018
806 	 73 	 5.26156939884237 	 3.81749454440019 	 0.0579378068739771 	 0.0602535941424832 	 5.9607828642135
807 	 71 	 5.26236529425481 	 3.81707335683438 	 0.0579401775850076 	 0.0602545739582778 	 5.96153753741399
808 	 71 	 5.26376617153719 	 3.81590135665125 	 0.0579378068739771 	 0.0602467354319207 	 5.96259276394498
809 	 75 	 5.26326454348159 	 3.81610889835035 	 0.0579354363569412 	 0.0602526143266885 	 5.96285028422118
810 	 77 	 5.26417395338405 	 3.81544964824734 	 0.0579354363569412 	 0.0602624124846348 	 5.96485040577581
811 	 79 	 5.26504215133009 	 3.81497657525676 	 0.0579378068739771 	 0.0602467354319207 	 5.96403814499577
812 	 77 	 5.254849564816 	 3.81412199178989 	 0.0578126917883884 	 0.0601438547734845 	 5.95518763036445
813 	 77 	 5.25481592532855 	 3.81414640846038 	 0.0578126917883884 	 0.0601340566155382 	 5.95417934204509
814 	 75 	 5.2560524594844 	 3.81324909582017 	 0.0578126917883884 	 0.0601536529314308 	 5.95752123419568
815 	 75 	 5.25610397229474 	 3.81352378336309 	 0.05781742297148 	 0.060139935510306 	 5.95573366132552
816 	 72 	 5.25712638134959 	 3.81278212699721 	 0.05781742297148 	 0.0601301373523597 	 5.95592164855942
817 	 70 	 5.24699379147398 	 3.8120343664637 	 0.0576946683579524 	 0.0600076603780309 	 5.9449561612221
818 	 70 	 5.24625405472957 	 3.81241587693998 	 0.0576923076923077 	 0.060023337430745 	 5.94591421578123
819 	 68 	 5.24747274645142 	 3.81168642890934 	 0.0576946683579524 	 0.0599890438779329 	 5.94365432328787
820 	 68 	 5.23701620071796 	 3.81101497047109 	 0.057569558101473 	 0.059858728377247 	 5.93178772503002
821 	 71 	 5.24901908717192 	 3.81040760579286 	 0.0576923076923077 	 0.0599714071936295 	 5.94390108071909
822 	 74 	 5.24847677667589 	 3.81080132460437 	 0.0576923076923077 	 0.0599812053515758 	 5.94425799456288
823 	 74 	 5.24907794931603 	 3.81036487661951 	 0.0576923076923077 	 0.0599714071936295 	 5.94396773522275
824 	 71 	 5.25933166998912 	 3.81087152253201 	 0.0578126917883884 	 0.0600595906151463 	 5.95191649277737
825 	 71 	 5.25937416449313 	 3.81099665796823 	 0.0578150572831424 	 0.0600537117203785 	 5.95113847904933
826 	 73 	 5.26034383026239 	 3.81060599124052 	 0.057819788853425 	 0.0600399942992537 	 5.95038910139235
827 	 77 	 5.26110620055114 	 3.80989790779655 	 0.05781742297148 	 0.0600654695099141 	 5.95402024617086
828 	 72 	 5.25103403803285 	 3.80910131392208 	 0.0576946683579524 	 0.059959649404094 	 5.94477373946113
829 	 74 	 5.24205397302398 	 3.80735246989882 	 0.057569558101473 	 0.0598459907719168 	 5.93623037031382
830 	 74 	 5.24244077063579 	 3.8072273344626 	 0.0575719137444249 	 0.0598361926139705 	 5.93545355286079
831 	 72 	 5.23200510570332 	 3.80653145935387 	 0.0574468085106383 	 0.0597225339817934 	 5.9252621842419
832 	 74 	 5.23196735069535 	 3.80655892810817 	 0.0574468085106383 	 0.0597323321397397 	 5.92619152591602
833 	 77 	 5.23223164719452 	 3.80636664682812 	 0.0574468085106383 	 0.059742130297686 	 5.92746304008147
834 	 77 	 5.23312541886052 	 3.80571655297654 	 0.0574468085106383 	 0.0597323321397397 	 5.92750325691258
835 	 79 	 5.22273102287774 	 3.80529841749454 	 0.0573264045173698 	 0.0596372900076605 	 5.91872209836558
836 	 78 	 5.22379942417898 	 3.80452013612294 	 0.0573264045173698 	 0.0596235725865357 	 5.91857120847363
837 	 80 	 5.2254007171076 	 3.80350989638175 	 0.0573287503068991 	 0.0596245524023303 	 5.92024051165953
838 	 80 	 5.22391679393224 	 3.80459033405057 	 0.0573287503068991 	 0.0596441487182229 	 5.92050447069071
839 	 78 	 5.21365500764926 	 3.80376016725419 	 0.0572036499038422 	 0.0595706625336256 	 5.91450050529831
840 	 77 	 5.20443796368439 	 3.80231958369577 	 0.0570808952903147 	 0.0594579837172431 	 5.90554972371013
841 	 77 	 5.20503112904924 	 3.80204184406904 	 0.0570832310336361 	 0.0594619029804216 	 5.90637042655115
842 	 77 	 5.2031307189137 	 3.80327488592837 	 0.0570808952903147 	 0.0594481855592968 	 5.90309343576516
843 	 78 	 5.20421666139579 	 3.80232568786339 	 0.0570785597381342 	 0.0594511250066807 	 5.90485901595031
844 	 75 	 5.20401208602278 	 3.80231958369577 	 0.0570762243770713 	 0.0594668020593948 	 5.90642558856127
845 	 77 	 5.20268407275661 	 3.80329014634742 	 0.0570762243770713 	 0.0594570039014485 	 5.90394539138041
846 	 78 	 5.20303055988697 	 3.80319247966549 	 0.0570785597381342 	 0.0594178112696633 	 5.90020516655846
847 	 76 	 5.20218728607799 	 3.80365334432084 	 0.0570762243770713 	 0.0594334883223773 	 5.90104682302879
848 	 77 	 5.20158208598743 	 3.80409589647332 	 0.0570762243770713 	 0.0594334883223773 	 5.90036032062599
849 	 77 	 5.20244188636799 	 3.80362282348273 	 0.0570785597381342 	 0.0594472057435022 	 5.90245616352563
850 	 76 	 5.18153347442257 	 3.80254543789772 	 0.0568330605564648 	 0.0592316462686834 	 5.88271976451773
851 	 74 	 5.18226117351433 	 3.80232263577958 	 0.0568377117603732 	 0.0592238077423264 	 5.88228592434467
852 	 76 	 5.18377576349895 	 3.80121167727266 	 0.0568377117603732 	 0.0592140095843801 	 5.88303163976662
853 	 74 	 5.18393794396179 	 3.80124830227838 	 0.0568400376478291 	 0.059198332531666 	 5.88141742489607
854 	 72 	 5.18398789165557 	 3.80121167727266 	 0.0568400376478291 	 0.0591787362157734 	 5.87952715923894
855 	 76 	 5.17456525898256 	 3.80006409376001 	 0.056719594041578 	 0.0590640977678016 	 5.86990971972789
856 	 72 	 5.16507847408689 	 3.79864792687207 	 0.0565945083275361 	 0.0589710152673117 	 5.86284389362163
857 	 74 	 5.16536869951881 	 3.79858993727968 	 0.0565968243575053 	 0.0589514189514191 	 5.86098511891186
858 	 75 	 5.16588338311276 	 3.79821147888721 	 0.0565968243575053 	 0.0589377015302943 	 5.86020518451504
859 	 72 	 5.17646526526833 	 3.79866929145874 	 0.056719594041578 	 0.0590209858728379 	 5.86777892316926
860 	 75 	 5.17729305644731 	 3.79806192678051 	 0.056719594041578 	 0.0590209858728379 	 5.86871726533595
861 	 75 	 5.17765121052553 	 3.79764379129851 	 0.0567172729876826 	 0.0590141271622754 	 5.86868136716393
862 	 77 	 5.17800909551934 	 3.79738131209083 	 0.0567172729876826 	 0.0589945308463828 	 5.86713811945745
863 	 75 	 5.17893733014582 	 3.79670069740115 	 0.0567172729876826 	 0.0589945308463828 	 5.86818989064216
864 	 73 	 5.17862094374444 	 3.79693265577073 	 0.0567172729876826 	 0.0590141271622755 	 5.8697805248788
865 	 70 	 5.15746296930649 	 3.79600482229242 	 0.0564717436673896 	 0.0587985676874567 	 5.84976959236697
866 	 71 	 5.16846334377809 	 3.79600482229242 	 0.0565921924871102 	 0.0589228261450485 	 5.86213185518056
867 	 69 	 5.15899821978938 	 3.79471989500832 	 0.0564694328504788 	 0.0588238647497908 	 5.85426799244941
868 	 72 	 5.15885766020456 	 3.79466800958354 	 0.0564671222226769 	 0.058810147328666 	 5.85298283559478
869 	 72 	 5.15808600339607 	 3.79523569717224 	 0.0564671222226769 	 0.058810147328666 	 5.85210735223148
870 	 76 	 5.15784957413188 	 3.79540966594943 	 0.0564671222226769 	 0.058810147328666 	 5.8518391113696
871 	 78 	 5.14655775462724 	 3.79562331181614 	 0.0563466732138473 	 0.0586680740384445 	 5.83737367544815
872 	 74 	 5.14632647576229 	 3.79563857223519 	 0.0563443676091493 	 0.0586680740384445 	 5.83735020620398
873 	 78 	 5.14650490795217 	 3.79535167635703 	 0.056342062193126 	 0.0586474979067573 	 5.83574402290821
874 	 73 	 5.14676835976513 	 3.79562331181614 	 0.0563489790072431 	 0.058637699748811 	 5.83435148524295
875 	 75 	 5.14708704767521 	 3.79538830136276 	 0.0563489790072431 	 0.0586308410382486 	 5.83403027599952
876 	 73 	 5.14652376352076 	 3.79595904103527 	 0.05635128498936 	 0.0586279015908647 	 5.83286065891289
877 	 76 	 5.14723514990917 	 3.79558973889423 	 0.056353591160221 	 0.0586279015908647 	 5.83342818282298
878 	 72 	 5.15690282122349 	 3.79657250988112 	 0.0564740546734326 	 0.058746459302015 	 5.84371149817737
879 	 75 	 5.15772752280349 	 3.79612080147721 	 0.0564763658686311 	 0.0587307822493009 	 5.84284721802231
880 	 74 	 5.15767736403607 	 3.79631308275725 	 0.0564786772530081 	 0.0587347015124794 	 5.84294117002711
881 	 74 	 5.15771922918368 	 3.79612690564483 	 0.0564763658686311 	 0.058754297828372 	 5.84517727249734
882 	 75 	 5.15824925002019 	 3.79604755146576 	 0.056480988826587 	 0.0587396005914526 	 5.84383727587875
883 	 75 	 5.15899216061001 	 3.79534557218941 	 0.0564786772530081 	 0.0587288226177116 	 5.84384567139944
884 	 72 	 5.15755297004977 	 3.79640464527156 	 0.0564786772530081 	 0.058709226301819 	 5.84026603019876
